3.7219 
4.28035 
4.41939 
4.4906 
4.60257 
4.60651 
4.64518 
4.67815 
4.68429 
4.72638 
4.73838 
4.84263 
4.88754 
4.897 
4.89923 
4.92361 
4.94496 
4.95735 
4.96116 
4.96455 
4.97055 
5.02098 
5.04432 
5.06917 
5.08836 
5.1186 
5.14302 
5.16834 
5.18171 
5.18797 
5.19376 
5.20198 
5.21694 
5.25039 
5.25504 
5.26878 
5.27141 
5.27644 
5.28045 
5.28045 
5.29119 
5.29844 
5.3074 
5.3125 
5.32401 
5.33025 
5.34108 
5.34111 
5.35973 
5.36672 
5.37265 
5.37604 
5.39787 
5.39876 
5.41197 
5.42026 
5.42049 
5.42781 
5.43111 
5.43974 
5.44149 
5.4442 
5.45868 
5.46679 
5.46767 
5.47037 
5.47619 
5.48393 
5.50623 
5.5111 
5.51558 
5.51891 
5.52291 
5.55015 
5.56592 
5.57189 
5.58346 
5.58419 
5.61176 
5.6283 
5.63273 
5.63592 
5.64397 
5.64836 
5.65334 
5.65886 
5.6613 
5.68885 
5.69284 
5.69398 
5.69497 
5.69558 
5.6995 
5.70278 
5.71314 
5.71844 
5.71914 
5.7192 
5.72278 
5.72396 
5.73676 
5.75439 
5.75869 
5.76112 
5.76407 
5.77325 
5.79266 
5.79703 
5.79939 
5.80011 
5.80411 
5.80738 
5.81358 
5.81594 
5.81767 
5.8212 
5.8299 
5.83888 
5.85181 
5.85467 
5.86173 
5.86653 
5.86748 
5.8703 
5.87134 
5.88925 
5.91438 
5.91872 
5.92102 
5.92182 
5.92343 
5.92817 
5.93038 
5.93134 
5.93795 
5.96061 
5.96479 
5.96675 
5.97822 
5.97842 
5.98906 
5.98982 
5.99006 
6.00011 
6.00091 
6.00415 
6.00646 
6.00866 
6.01435 
6.02357 
6.02997 
6.03135 
6.03325 
6.0371 
6.0372 
6.04719 
6.05476 
6.0657 
6.06962 
6.07771 
6.08436 
6.09515 
6.10337 
6.13727 
6.14093 
6.14338 
6.14342 
6.14454 
6.15199 
6.15565 
6.15622 
6.16027 
6.1704 
6.17108 
6.17202 
6.17539 
6.1771 
6.17764 
6.17834 
6.18159 
6.18373 
6.18601 
6.18679 
6.18939 
6.19141 
6.19277 
6.19696 
6.2022 
6.20502 
6.21031 
6.21787 
6.22013 
6.23001 
6.23005 
6.23464 
6.24441 
6.24715 
6.24807 
6.2593 
6.26264 
6.26416 
6.26907 
6.27343 
6.27763 
6.28622 
6.28845 
6.29437 
6.2974 
6.30142 
6.3016 
6.30285 
6.30319 
6.30335 
6.308 
6.31412 
6.31469 
6.32194 
6.32555 
6.34429 
6.34894 
6.34951 
6.35166 
6.36252 
6.36339 
6.36451 
6.36699 
6.36902 
6.37201 
6.37466 
6.37652 
6.38167 
6.38492 
6.39133 
6.39319 
6.39987 
6.40152 
6.4053 
6.40783 
6.40984 
6.4102 
6.41223 
6.41528 
6.4161 
6.41637 
6.41733 
6.4209 
6.42339 
6.42349 
6.42472 
6.43063 
6.43249 
6.43292 
6.43528 
6.43715 
6.44129 
6.44247 
6.44347 
6.4518 
6.45531 
6.46729 
6.47126 
6.47817 
6.48182 
6.48577 
6.48819 
6.49075 
6.49164 
6.49312 
6.49529 
6.49815 
6.49976 
6.50009 
6.50064 
6.50192 
6.50282 
6.50424 
6.5055 
6.50663 
6.50738 
6.51221 
6.51602 
6.51826 
6.52093 
6.53088 
6.53122 
6.53399 
6.53711 
6.53869 
6.53943 
6.53962 
6.54198 
6.54294 
6.5493 
6.54949 
6.55094 
6.55227 
6.55308 
6.55326 
6.55358 
6.55371 
6.55574 
6.55697 
6.5573 
6.56011 
6.56359 
6.56738 
6.57343 
6.57448 
6.57617 
6.58295 
6.58953 
6.58979 
6.59183 
6.59284 
6.59287 
6.59461 
6.5951 
6.59586 
6.59872 
6.60018 
6.60294 
6.60409 
6.60729 
6.60737 
6.60771 
6.61302 
6.61407 
6.61431 
6.61546 
6.62974 
6.63264 
6.63393 
6.63631 
6.64249 
6.64429 
6.64488 
6.64612 
6.64624 
6.65012 
6.65013 
6.65022 
6.65537 
6.65599 
6.66244 
6.66401 
6.66517 
6.66866 
6.67133 
6.67374 
6.68036 
6.6816 
6.68432 
6.68784 
6.69799 
6.70379 
6.71481 
6.715 
6.71658 
6.7177 
6.71982 
6.72781 
6.72955 
6.73154 
6.73744 
6.73751 
6.74365 
6.74435 
6.74593 
6.74649 
6.74976 
6.75088 
6.75149 
6.75298 
6.75342 
6.75366 
6.7541 
6.76024 
6.76065 
6.76399 
6.76907 
6.77049 
6.77076 
6.77716 
6.77839 
6.77961 
6.78098 
6.78281 
6.78289 
6.78497 
6.78518 
6.7865 
6.78803 
6.79006 
6.79181 
6.80348 
6.8044 
6.80617 
6.80719 
6.81077 
6.8108 
6.81111 
6.81383 
6.81391 
6.81558 
6.81595 
6.81637 
6.8189 
6.81916 
6.81921 
6.82201 
6.8238 
6.82629 
6.82834 
6.82845 
6.8314 
6.83311 
6.83678 
6.83699 
6.83714 
6.83763 
6.8391 
6.84226 
6.84502 
6.84677 
6.84835 
6.84891 
6.85121 
6.85188 
6.85625 
6.85972 
6.86914 
6.87069 
6.87078 
6.87088 
6.87268 
6.87594 
6.87632 
6.8765 
6.87658 
6.8771 
6.8774 
6.87891 
6.88141 
6.88143 
6.88546 
6.89044 
6.89131 
6.89208 
6.89259 
6.89941 
6.89954 
6.90253 
6.90544 
6.90755 
6.91032 
6.9141 
6.91827 
6.92205 
6.92554 
6.93195 
6.93457 
6.93518 
6.93702 
6.93811 
6.94159 
6.94681 
6.94927 
6.95277 
6.95955 
6.96077 
6.96137 
6.96292 
6.96367 
6.96761 
6.96777 
6.96952 
6.97717 
6.97807 
6.97904 
6.97999 
6.98384 
6.98586 
6.98689 
6.98712 
6.98887 
6.99224 
6.99447 
6.99714 
6.99802 
6.99807 
6.99842 
6.99964 
6.99985 
7.002 
7.00289 
7.00316 
7.00367 
7.0041 
7.00497 
7.00599 
7.00633 
7.00663 
7.00684 
7.0096 
7.00979 
7.01136 
7.01256 
7.01425 
7.01449 
7.0181 
7.01911 
7.01959 
7.02132 
7.02355 
7.02614 
7.02827 
7.029 
7.03035 
7.03097 
7.03188 
7.03382 
7.03711 
7.03768 
7.04209 
7.0446 
7.04674 
7.05398 
7.05511 
7.05689 
7.05856 
7.06095 
7.06469 
7.06871 
7.0688 
7.07102 
7.07323 
7.07335 
7.07584 
7.08056 
7.08309 
7.08495 
7.08585 
7.09137 
7.09458 
7.09497 
7.09666 
7.10133 
7.10197 
7.10284 
7.10348 
7.10556 
7.10602 
7.10786 
7.11579 
7.11815 
7.1182 
7.11832 
7.12103 
7.12126 
7.12272 
7.12316 
7.12412 
7.12686 
7.12734 
7.12882 
7.12932 
7.13132 
7.13172 
7.13219 
7.13266 
7.13316 
7.13492 
7.13583 
7.13624 
7.13709 
7.13718 
7.13853 
7.1464 
7.14708 
7.1515 
7.15186 
7.15706 
7.15762 
7.15813 
7.15937 
7.15948 
7.16457 
7.1662 
7.16838 
7.17139 
7.17329 
7.17538 
7.18095 
7.18161 
7.18743 
7.19439 
7.19847 
7.20127 
7.20293 
7.20722 
7.2077 
7.20963 
7.21028 
7.21093 
7.21386 
7.21408 
7.21447 
7.21486 
7.21541 
7.21606 
7.22102 
7.22173 
7.22498 
7.22541 
7.23078 
7.23353 
7.23484 
7.23485 
7.23625 
7.2373 
7.23873 
7.24231 
7.24287 
7.24465 
7.24676 
7.24864 
7.24941 
7.24947 
7.25162 
7.25225 
7.2534 
7.25862 
7.25957 
7.25979 
7.26032 
7.26039 
7.26161 
7.26382 
7.26551 
7.26816 
7.27064 
7.27241 
7.27385 
7.27543 
7.27751 
7.27893 
7.27987 
7.28001 
7.28012 
7.28285 
7.28362 
7.28842 
7.29428 
7.29436 
7.29907 
7.30367 
7.30441 
7.30641 
7.30787 
7.30814 
7.30821 
7.30878 
7.31251 
7.31434 
7.31756 
7.3177 
7.31929 
7.31988 
7.3205 
7.32802 
7.32919 
7.33209 
7.33245 
7.33354 
7.33443 
7.33451 
7.33527 
7.3379 
7.33819 
7.34103 
7.34198 
7.34296 
7.34318 
7.34325 
7.34474 
7.34725 
7.35081 
7.35271 
7.35752 
7.36052 
7.36277 
7.36473 
7.36537 
7.368 
7.36836 
7.36845 
7.369 
7.37079 
7.37083 
7.37158 
7.37716 
7.3799 
7.38013 
7.38058 
7.38188 
7.38189 
7.38337 
7.38528 
7.38847 
7.38981 
7.39498 
7.39871 
7.4014 
7.40215 
7.40253 
7.40354 
7.40436 
7.40464 
7.40632 
7.40692 
7.40776 
7.4084 
7.4089 
7.40901 
7.41473 
7.41556 
7.41696 
7.42094 
7.42095 
7.42595 
7.42848 
7.43125 
7.43475 
7.43493 
7.43614 
7.43627 
7.43918 
7.44278 
7.4432 
7.44431 
7.44639 
7.44836 
7.4488 
7.45029 
7.45391 
7.45464 
7.45467 
7.45798 
7.46103 
7.46369 
7.46538 
7.46654 
7.4681 
7.46927 
7.47186 
7.47369 
7.4742 
7.47547 
7.47812 
7.47876 
7.4792 
7.48553 
7.48709 
7.49222 
7.49371 
7.49387 
7.49397 
7.49397 
7.49436 
7.49581 
7.49656 
7.49749 
7.50334 
7.50462 
7.5073 
7.50921 
7.50942 
7.51224 
7.51226 
7.51393 
7.51398 
7.51529 
7.5167 
7.51735 
7.51892 
7.52042 
7.52117 
7.52332 
7.52342 
7.52588 
7.52751 
7.52937 
7.53156 
7.53241 
7.53264 
7.53291 
7.53456 
7.53653 
7.53734 
7.53813 
7.53902 
7.54079 
7.54223 
7.54245 
7.5436 
7.54555 
7.54659 
7.54847 
7.54915 
7.54941 
7.54965 
7.55413 
7.55416 
7.55535 
7.55694 
7.55907 
7.56049 
7.56207 
7.56451 
7.5648 
7.56608 
7.56897 
7.56976 
7.57286 
7.57583 
7.5774 
7.57775 
7.57783 
7.5782 
7.5787 
7.5811 
7.58338 
7.58409 
7.5862 
7.5873 
7.58989 
7.59185 
7.59214 
7.59356 
7.59629 
7.59723 
7.59959 
7.60152 
7.60529 
7.60581 
7.60685 
7.60735 
7.61004 
7.61073 
7.6111 
7.61167 
7.61334 
7.61499 
7.61524 
7.61629 
7.61826 
7.62125 
7.62208 
7.62305 
7.62456 
7.62632 
7.62689 
7.62778 
7.62865 
7.62942 
7.63002 
7.63067 
7.63113 
7.63139 
7.63353 
7.63735 
7.63854 
7.63883 
7.64059 
7.64167 
7.64224 
7.64244 
7.64347 
7.64413 
7.6482 
7.64898 
7.65044 
7.65132 
7.65249 
7.65307 
7.65371 
7.65372 
7.65534 
7.6563 
7.65789 
7.65819 
7.65862 
7.66049 
7.66228 
7.66358 
7.66563 
7.66717 
7.66873 
7.67086 
7.67615 
7.67644 
7.67815 
7.68116 
7.68132 
7.68237 
7.68277 
7.68451 
7.68651 
7.68719 
7.68745 
7.68928 
7.69037 
7.69099 
7.69128 
7.69149 
7.69727 
7.69833 
7.69942 
7.7003 
7.7016 
7.70339 
7.70352 
7.70397 
7.704 
7.70999 
7.71217 
7.71236 
7.71582 
7.71813 
7.71897 
7.71999 
7.7203 
7.72051 
7.721 
7.72225 
7.7237 
7.72691 
7.72916 
7.73108 
7.73205 
7.73431 
7.73547 
7.73668 
7.73674 
7.73917 
7.74049 
7.74129 
7.7444 
7.74733 
7.7507 
7.75119 
7.75193 
7.75213 
7.75396 
7.75408 
7.75441 
7.75864 
7.76154 
7.7656 
7.76947 
7.77151 
7.7743 
7.77568 
7.77922 
7.77937 
7.78437 
7.78592 
7.78816 
7.78872 
7.78883 
7.78918 
7.79075 
7.79248 
7.79466 
7.7948 
7.79605 
7.79672 
7.79731 
7.79773 
7.79785 
7.79897 
7.79919 
7.79963 
7.79964 
7.80168 
7.80169 
7.80382 
7.80525 
7.80629 
7.8077 
7.80813 
7.80857 
7.80956 
7.80993 
7.81023 
7.81171 
7.81187 
7.81377 
7.81418 
7.8146 
7.8151 
7.81557 
7.81622 
7.81744 
7.81749 
7.81813 
7.82472 
7.83109 
7.83407 
7.83697 
7.83735 
7.84011 
7.84176 
7.84204 
7.84315 
7.84427 
7.8443 
7.84546 
7.84556 
7.84728 
7.85191 
7.85219 
7.85401 
7.85725 
7.8578 
7.85817 
7.85838 
7.86124 
7.86264 
7.86347 
7.86357 
7.86374 
7.86403 
7.86494 
7.86671 
7.86679 
7.86803 
7.86826 
7.87111 
7.87233 
7.87627 
7.87981 
7.88445 
7.88555 
7.88565 
7.8861 
7.8864 
7.88658 
7.88938 
7.89038 
7.89114 
7.89437 
7.89509 
7.89541 
7.89659 
7.89671 
7.89893 
7.90024 
7.90162 
7.90401 
7.90411 
7.90575 
7.90719 
7.90772 
7.90961 
7.9104 
7.91086 
7.91127 
7.91256 
7.91429 
7.91751 
7.91813 
7.91848 
7.91994 
7.91998 
7.92011 
7.9228 
7.92419 
7.92845 
7.92879 
7.92906 
7.92925 
7.93218 
7.93243 
7.93655 
7.93873 
7.941 
7.94261 
7.94346 
7.94392 
7.94613 
7.94656 
7.9479 
7.95605 
7.95876 
7.95971 
7.96582 
7.96647 
7.96702 
7.96858 
7.97608 
7.98056 
7.98065 
7.98074 
7.98097 
7.98231 
7.98449 
7.98499 
7.98561 
7.99215 
7.99341 
7.9939 
7.99537 
7.99922 
8.00144 
8.00176 
8.00356 
8.00386 
8.00457 
8.00826 
8.00832 
8.0085 
8.0085 
8.00905 
8.01019 
8.01209 
8.013 
8.01377 
8.01726 
8.01899 
8.01901 
8.02546 
8.02566 
8.02634 
8.02682 
8.0279 
8.02974 
8.02978 
8.03136 
8.03222 
8.03698 
8.03717 
8.03848 
8.03891 
8.03959 
8.04469 
8.04998 
8.05023 
8.05038 
8.05426 
8.05578 
8.05671 
8.05784 
8.05904 
8.06066 
8.06357 
8.0647 
8.06959 
8.0743 
8.07562 
8.07921 
8.07957 
8.08268 
8.08323 
8.08854 
8.08877 
8.08921 
8.08941 
8.08944 
8.08981 
8.09091 
8.09092 
8.09511 
8.09529 
8.09549 
8.09603 
8.0964 
8.1032 
8.10381 
8.10418 
8.10466 
8.10649 
8.10686 
8.10962 
8.10976 
8.11007 
8.11278 
8.11722 
8.11724 
8.11738 
8.11824 
8.11879 
8.1188 
8.11956 
8.11969 
8.12702 
8.12737 
8.1277 
8.13163 
8.13329 
8.13432 
8.13665 
8.13814 
8.13962 
8.14127 
8.14243 
8.14266 
8.14368 
8.14386 
8.14749 
8.1488 
8.14969 
8.14987 
8.15071 
8.15303 
8.15728 
8.15903 
8.16074 
8.16143 
8.16198 
8.16463 
8.16554 
8.16775 
8.16992 
8.17023 
8.17205 
8.17284 
8.17291 
8.17309 
8.17378 
8.17617 
8.17658 
8.17675 
8.1769 
8.17742 
8.1786 
8.17901 
8.17973 
8.18009 
8.18071 
8.18104 
8.18287 
8.18323 
8.18454 
8.18638 
8.18884 
8.19042 
8.19088 
8.19188 
8.19395 
8.19498 
8.19737 
8.19832 
8.20142 
8.20249 
8.20252 
8.20394 
8.20552 
8.20712 
8.20739 
8.20823 
8.2093 
8.21199 
8.21211 
8.21288 
8.21449 
8.21505 
8.21592 
8.21629 
8.2164 
8.21797 
8.22175 
8.22242 
8.22292 
8.22351 
8.22378 
8.22421 
8.22471 
8.22566 
8.22589 
8.22672 
8.22861 
8.22944 
8.23159 
8.23193 
8.23267 
8.23282 
8.23298 
8.23311 
8.23484 
8.23516 
8.23542 
8.23642 
8.23784 
8.23914 
8.23946 
8.2426 
8.24321 
8.2433 
8.24472 
8.24521 
8.24713 
8.2484 
8.24863 
8.25299 
8.253 
8.25453 
8.25491 
8.25574 
8.25613 
8.25758 
8.25767 
8.25771 
8.2588 
8.26094 
8.26107 
8.26219 
8.26223 
8.26247 
8.26358 
8.26541 
8.26633 
8.26689 
8.2686 
8.27141 
8.27369 
8.27598 
8.27614 
8.2765 
8.27727 
8.27813 
8.27867 
8.27907 
8.27988 
8.28209 
8.28261 
8.28407 
8.28459 
8.28474 
8.28744 
8.28768 
8.28962 
8.29607 
8.29699 
8.2975 
8.29844 
8.29916 
8.29989 
8.3038 
8.30465 
8.30486 
8.30627 
8.30648 
8.30938 
8.30998 
8.31025 
8.31106 
8.31147 
8.31264 
8.31403 
8.31596 
8.31615 
8.31823 
8.31828 
8.32055 
8.32118 
8.32166 
8.32275 
8.3231 
8.32332 
8.32476 
8.32557 
8.32638 
8.32743 
8.32827 
8.33192 
8.33294 
8.3349 
8.33538 
8.33727 
8.33844 
8.34058 
8.34059 
8.34089 
8.34156 
8.34494 
8.34671 
8.34739 
8.34744 
8.35146 
8.35186 
8.35473 
8.35481 
8.35522 
8.35748 
8.35928 
8.35985 
8.3607 
8.36103 
8.36764 
8.36836 
8.36843 
8.36851 
8.3706 
8.37174 
8.37194 
8.37482 
8.37496 
8.37533 
8.37557 
8.37574 
8.37814 
8.37853 
8.37912 
8.37914 
8.38193 
8.38387 
8.38397 
8.38463 
8.38484 
8.38513 
8.38635 
8.38692 
8.38835 
8.39085 
8.39086 
8.3938 
8.39444 
8.39461 
8.39479 
8.39488 
8.39541 
8.39712 
8.39731 
8.39759 
8.39845 
8.39946 
8.40077 
8.4009 
8.40253 
8.404 
8.4044 
8.40762 
8.40769 
8.40827 
8.41024 
8.41258 
8.41645 
8.41647 
8.41842 
8.41848 
8.42216 
8.42313 
8.42369 
8.42507 
8.42995 
8.43115 
8.43163 
8.43189 
8.43396 
8.43446 
8.43467 
8.43673 
8.43757 
8.43772 
8.43962 
8.4425 
8.44569 
8.44587 
8.44824 
8.44885 
8.44992 
8.45175 
8.45266 
8.45288 
8.45358 
8.45377 
8.45383 
8.45575 
8.45595 
8.45605 
8.45673 
8.4597 
8.46748 
8.46848 
8.46884 
8.46909 
8.47113 
8.47197 
8.4722 
8.47239 
8.47291 
8.47341 
8.47342 
8.47397 
8.47473 
8.47783 
8.4781 
8.47952 
8.48225 
8.48263 
8.48267 
8.48269 
8.48432 
8.4844 
8.48604 
8.48637 
8.48943 
8.48987 
8.49211 
8.49339 
8.49383 
8.49551 
8.49596 
8.49843 
8.49994 
8.50024 
8.50355 
8.50511 
8.50634 
8.50763 
8.50946 
8.5123 
8.51357 
8.51483 
8.5154 
8.51746 
8.51962 
8.5203 
8.5227 
8.52316 
8.52515 
8.5261 
8.52638 
8.52959 
8.52984 
8.53066 
8.53189 
8.53608 
8.53711 
8.53765 
8.53766 
8.54127 
8.54321 
8.54352 
8.54357 
8.54388 
8.54513 
8.54579 
8.5461 
8.54629 
8.54849 
8.5488 
8.54923 
8.5497 
8.55201 
8.55498 
8.55724 
8.55926 
8.56124 
8.56196 
8.56813 
8.56987 
8.57032 
8.57267 
8.57297 
8.57665 
8.57911 
8.57946 
8.58127 
8.58364 
8.58438 
8.58584 
8.58591 
8.58926 
8.59047 
8.59337 
8.59522 
8.59555 
8.59654 
8.59694 
8.59745 
8.59971 
8.59978 
8.60064 
8.6016 
8.60474 
8.60908 
8.60909 
8.61001 
8.61147 
8.61212 
8.61328 
8.61585 
8.61658 
8.61891 
8.62131 
8.62301 
8.62303 
8.62631 
8.62743 
8.62839 
8.62869 
8.62904 
8.62974 
8.63383 
8.6343 
8.63473 
8.63494 
8.63495 
8.63696 
8.63709 
8.63989 
8.63999 
8.64124 
8.64287 
8.64358 
8.64617 
8.64637 
8.64673 
8.64844 
8.64849 
8.65049 
8.65369 
8.65432 
8.65433 
8.65533 
8.65549 
8.65583 
8.65603 
8.6564 
8.65724 
8.65989 
8.66039 
8.66106 
8.66264 
8.66389 
8.6668 
8.66819 
8.67109 
8.67142 
8.67153 
8.67284 
8.67289 
8.67299 
8.67423 
8.67695 
8.67764 
8.68076 
8.6825 
8.68268 
8.68333 
8.68404 
8.68447 
8.68451 
8.68452 
8.68454 
8.68458 
8.68554 
8.68683 
8.68796 
8.6903 
8.69349 
8.69615 
8.69622 
8.69658 
8.69667 
8.69668 
8.69946 
8.70171 
8.7018 
8.70201 
8.7036 
8.70575 
8.7064 
8.70707 
8.70715 
8.70983 
8.7123 
8.71415 
8.71453 
8.71748 
8.71854 
8.71914 
8.72299 
8.72358 
8.72469 
8.72764 
8.72767 
8.72809 
8.72826 
8.73035 
8.73056 
8.73229 
8.73342 
8.73512 
8.73608 
8.73693 
8.73764 
8.739 
8.73922 
8.74146 
8.74405 
8.74501 
8.749 
8.74923 
8.74957 
8.74983 
8.75055 
8.7514 
8.75143 
8.75151 
8.75256 
8.75288 
8.75408 
8.75437 
8.75598 
8.75618 
8.7571 
8.75717 
8.75866 
8.75937 
8.76108 
8.76393 
8.76677 
8.76689 
8.76767 
8.76773 
8.76911 
8.7692 
8.77063 
8.77096 
8.7733 
8.77535 
8.77551 
8.77568 
8.77733 
8.77847 
8.78006 
8.78106 
8.78201 
8.78219 
8.78337 
8.78496 
8.78508 
8.78673 
8.78686 
8.78888 
8.79099 
8.7917 
8.79269 
8.79364 
8.79636 
8.79728 
8.80032 
8.80176 
8.80281 
8.80293 
8.80602 
8.80764 
8.80853 
8.80942 
8.80984 
8.81007 
8.81212 
8.81419 
8.81676 
8.81701 
8.81755 
8.81806 
8.81895 
8.81907 
8.81934 
8.81993 
8.82217 
8.82317 
8.82351 
8.8248 
8.82509 
8.82826 
8.82916 
8.8296 
8.83031 
8.83048 
8.83215 
8.83297 
8.83314 
8.83355 
8.83611 
8.83625 
8.83664 
8.83695 
8.83708 
8.83758 
8.83896 
8.83999 
8.84062 
8.8429 
8.84588 
8.84637 
8.84869 
8.85039 
8.85421 
8.85659 
8.85717 
8.8587 
8.85912 
8.85937 
8.85988 
8.86447 
8.86832 
8.86849 
8.86849 
8.8712 
8.87174 
8.8732 
8.87569 
8.87603 
8.87642 
8.8839 
8.88459 
8.88673 
8.88793 
8.88926 
8.89012 
8.89035 
8.89072 
8.89252 
8.89265 
8.89477 
8.89549 
8.89587 
8.89841 
8.89886 
8.89956 
8.90042 
8.90144 
8.90146 
8.90148 
8.90191 
8.90288 
8.90303 
8.90315 
8.90652 
8.90779 
8.9119 
8.91394 
8.91453 
8.91561 
8.91653 
8.91672 
8.91685 
8.91849 
8.91983 
8.92108 
8.92305 
8.9254 
8.92785 
8.92912 
8.92938 
8.93101 
8.9316 
8.93263 
8.93314 
8.93385 
8.9355 
8.93635 
8.93749 
8.93946 
8.93953 
8.94033 
8.94167 
8.94388 
8.94471 
8.94551 
8.94594 
8.9463 
8.94676 
8.9471 
8.9476 
8.94873 
8.94928 
8.94964 
8.95067 
8.95315 
8.95536 
8.95566 
8.95587 
8.95703 
8.95708 
8.96201 
8.96266 
8.96269 
8.96279 
8.96348 
8.96402 
8.96554 
8.96584 
8.96697 
8.96807 
8.96869 
8.97006 
8.9781 
8.98085 
8.98351 
8.98377 
8.98473 
8.98829 
8.98933 
8.98946 
8.98991 
8.9901 
8.99205 
8.99293 
8.99323 
8.99374 
8.99591 
8.99645 
8.99741 
9.00065 
9.00563 
9.01012 
9.01037 
9.01051 
9.01247 
9.01327 
9.01342 
9.01377 
9.01452 
9.01461 
9.01483 
9.01515 
9.01603 
9.01647 
9.0167 
9.01898 
9.02164 
9.02181 
9.02196 
9.02282 
9.02532 
9.02564 
9.02642 
9.02993 
9.02998 
9.03031 
9.03191 
9.03329 
9.03371 
9.03442 
9.03541 
9.03799 
9.03916 
9.03964 
9.04007 
9.04169 
9.04183 
9.04331 
9.04365 
9.04435 
9.04437 
9.04471 
9.04498 
9.04501 
9.04829 
9.04881 
9.04919 
9.0493 
9.04973 
9.05212 
9.05439 
9.05552 
9.05779 
9.05805 
9.05887 
9.06066 
9.0625 
9.06334 
9.06387 
9.06854 
9.06968 
9.07 
9.07251 
9.07307 
9.07667 
9.07984 
9.08349 
9.08422 
9.08502 
9.08511 
9.0854 
9.08831 
9.08858 
9.09209 
9.09307 
9.0996 
9.10143 
9.10395 
9.10539 
9.10629 
9.10664 
9.10738 
9.10888 
9.10947 
9.11097 
9.11299 
9.11693 
9.1175 
9.11952 
9.12087 
9.12107 
9.12192 
9.12192 
9.12419 
9.12448 
9.12494 
9.12501 
9.12635 
9.12645 
9.12737 
9.12883 
9.13019 
9.13077 
9.13141 
9.13211 
9.13362 
9.13511 
9.13521 
9.14075 
9.14149 
9.14253 
9.14305 
9.147 
9.15024 
9.15109 
9.15655 
9.15799 
9.16061 
9.1613 
9.1619 
9.16216 
9.16344 
9.16425 
9.16491 
9.16835 
9.16994 
9.17069 
9.1716 
9.17536 
9.17681 
9.1772 
9.17819 
9.17863 
9.1809 
9.18166 
9.1845 
9.18645 
9.18646 
9.18924 
9.19092 
9.19118 
9.19196 
9.19355 
9.19629 
9.19863 
9.19985 
9.20125 
9.20142 
9.20319 
9.20385 
9.20407 
9.20539 
9.20699 
9.20722 
9.20764 
9.20801 
9.21221 
9.2146 
9.21464 
9.21513 
9.21695 
9.21763 
9.21771 
9.21844 
9.21891 
9.2203 
9.22241 
9.2237 
9.22579 
9.22709 
9.22712 
9.22721 
9.22971 
9.23074 
9.23176 
9.23212 
9.2329 
9.23615 
9.23829 
9.23933 
9.23983 
9.24237 
9.24238 
9.24248 
9.24307 
9.24314 
9.24443 
9.24452 
9.24466 
9.2453 
9.24622 
9.24756 
9.24841 
9.2497 
9.24999 
9.25154 
9.25234 
9.25562 
9.25608 
9.25678 
9.25775 
9.25808 
9.25909 
9.26102 
9.26352 
9.26495 
9.26569 
9.2668 
9.26767 
9.2681 
9.2681 
9.26912 
9.26921 
9.27213 
9.2737 
9.27581 
9.27653 
9.27739 
9.27885 
9.27917 
9.27924 
9.28005 
9.28064 
9.28087 
9.28186 
9.28335 
9.28508 
9.28831 
9.29104 
9.2922 
9.29239 
9.2928 
9.2928 
9.29366 
9.29583 
9.29706 
9.29768 
9.29922 
9.29946 
9.29972 
9.30131 
9.30216 
9.30271 
9.30527 
9.30607 
9.3087 
9.30923 
9.31342 
9.31416 
9.3142 
9.31675 
9.3206 
9.32225 
9.32396 
9.32419 
9.32519 
9.32528 
9.32536 
9.32703 
9.32734 
9.3279 
9.32806 
9.3284 
9.3298 
9.33171 
9.33371 
9.33372 
9.33555 
9.33685 
9.33754 
9.34149 
9.34469 
9.34576 
9.34763 
9.34769 
9.34924 
9.34948 
9.34974 
9.35067 
9.3513 
9.3519 
9.35202 
9.35243 
9.35256 
9.35459 
9.35461 
9.35506 
9.35763 
9.35928 
9.36008 
9.36047 
9.36351 
9.36546 
9.36753 
9.3677 
9.36945 
9.36947 
9.37002 
9.37062 
9.37328 
9.37392 
9.37489 
9.3751 
9.37574 
9.37631 
9.37701 
9.37717 
9.37719 
9.37876 
9.37984 
9.38056 
9.38057 
9.38176 
9.38225 
9.38244 
9.38319 
9.38411 
9.38442 
9.38465 
9.38541 
9.38599 
9.38604 
9.38647 
9.38708 
9.38909 
9.39224 
9.39266 
9.39489 
9.39524 
9.39679 
9.39742 
9.39746 
9.39847 
9.39908 
9.4022 
9.40301 
9.40346 
9.40427 
9.40508 
9.40575 
9.40621 
9.40675 
9.40748 
9.40825 
9.40946 
9.41037 
9.41091 
9.41119 
9.41296 
9.41427 
9.41525 
9.41553 
9.41745 
9.42002 
9.42018 
9.42078 
9.421 
9.42117 
9.42408 
9.42432 
9.42448 
9.42655 
9.42825 
9.43016 
9.43066 
9.43082 
9.43099 
9.43118 
9.43429 
9.43474 
9.43536 
9.43591 
9.43593 
9.43595 
9.43625 
9.43648 
9.43658 
9.43664 
9.4371 
9.43834 
9.43863 
9.43907 
9.43973 
9.44064 
9.44239 
9.44454 
9.44472 
9.44663 
9.44762 
9.45095 
9.45298 
9.4535 
9.45354 
9.4546 
9.45491 
9.45543 
9.45665 
9.45706 
9.45994 
9.46064 
9.46108 
9.4637 
9.46429 
9.46463 
9.4667 
9.47088 
9.47125 
9.47189 
9.47201 
9.4724 
9.47321 
9.47452 
9.4757 
9.47752 
9.4799 
9.48357 
9.48365 
9.48615 
9.48695 
9.48795 
9.48964 
9.49026 
9.49061 
9.49238 
9.49373 
9.49418 
9.49558 
9.49575 
9.49664 
9.49742 
9.49827 
9.49914 
9.49918 
9.49934 
9.50068 
9.50581 
9.50626 
9.50791 
9.5084 
9.51051 
9.51209 
9.51328 
9.51413 
9.51465 
9.51486 
9.51675 
9.51697 
9.51706 
9.51875 
9.51964 
9.51983 
9.51995 
9.52144 
9.52164 
9.52455 
9.52515 
9.52643 
9.52744 
9.52767 
9.52789 
9.52884 
9.53108 
9.53195 
9.53209 
9.5328 
9.53673 
9.53679 
9.53702 
9.53875 
9.54406 
9.54412 
9.54632 
9.54676 
9.54793 
9.54915 
9.54971 
9.55041 
9.55072 
9.55165 
9.55197 
9.55316 
9.5538 
9.55461 
9.55642 
9.55689 
9.55826 
9.56 
9.56136 
9.56185 
9.56284 
9.56483 
9.56494 
9.56697 
9.56717 
9.56806 
9.57065 
9.57218 
9.57449 
9.57522 
9.57607 
9.57757 
9.58056 
9.58062 
9.58069 
9.58128 
9.58182 
9.5819 
9.58275 
9.5828 
9.58371 
9.58425 
9.58577 
9.58895 
9.58933 
9.59153 
9.59192 
9.59449 
9.59533 
9.59622 
9.59845 
9.5985 
9.59936 
9.59937 
9.59965 
9.59991 
9.60161 
9.60208 
9.60238 
9.60338 
9.60382 
9.60428 
9.60984 
9.60996 
9.61142 
9.61282 
9.61492 
9.615 
9.61658 
9.61674 
9.61742 
9.6178 
9.61802 
9.61994 
9.6201 
9.62239 
9.62287 
9.62328 
9.62348 
9.62361 
9.62376 
9.62521 
9.62541 
9.62706 
9.63092 
9.63356 
9.63442 
9.63474 
9.6348 
9.63761 
9.6381 
9.63928 
9.6403 
9.64396 
9.64493 
9.64559 
9.64686 
9.64859 
9.64913 
9.64976 
9.65132 
9.65152 
9.65617 
9.65634 
9.65693 
9.65713 
9.65897 
9.65949 
9.66059 
9.66063 
9.66122 
9.66142 
9.66274 
9.66331 
9.66455 
9.66556 
9.66573 
9.66631 
9.66756 
9.66924 
9.67018 
9.67189 
9.67253 
9.6738 
9.6743 
9.67697 
9.67779 
9.67925 
9.67942 
9.68343 
9.68434 
9.68701 
9.68775 
9.68806 
9.68826 
9.6886 
9.69062 
9.69253 
9.69267 
9.69269 
9.69271 
9.69312 
9.69412 
9.69543 
9.69811 
9.69818 
9.69949 
9.70126 
9.70145 
9.70388 
9.7045 
9.7047 
9.70487 
9.70508 
9.70543 
9.70609 
9.70621 
9.7074 
9.71015 
9.71071 
9.71253 
9.71634 
9.71663 
9.71862 
9.72081 
9.72088 
9.72118 
9.72122 
9.72184 
9.72258 
9.72315 
9.72381 
9.72389 
9.72742 
9.73125 
9.7345 
9.73503 
9.73778 
9.73916 
9.73941 
9.73982 
9.7401 
9.74079 
9.74133 
9.74333 
9.74403 
9.74587 
9.7461 
9.74764 
9.74781 
9.75158 
9.75176 
9.75418 
9.75487 
9.75576 
9.75593 
9.75645 
9.7567 
9.75747 
9.75759 
9.75792 
9.75803 
9.76 
9.76018 
9.76061 
9.76108 
9.76148 
9.76357 
9.76477 
9.76503 
9.76513 
9.76523 
9.76819 
9.76835 
9.76851 
9.77024 
9.77412 
9.77436 
9.77515 
9.7761 
9.77826 
9.78053 
9.78199 
9.78293 
9.78408 
9.78409 
9.79255 
9.79264 
9.79409 
9.79573 
9.79736 
9.79871 
9.79892 
9.79896 
9.80005 
9.80124 
9.80153 
9.80241 
9.80251 
9.80363 
9.80386 
9.80657 
9.80698 
9.80785 
9.80872 
9.8089 
9.80943 
9.81272 
9.81296 
9.81376 
9.81473 
9.8149 
9.81524 
9.81594 
9.81635 
9.81806 
9.81838 
9.81866 
9.81904 
9.82001 
9.82191 
9.82205 
9.82238 
9.82332 
9.82689 
9.82863 
9.8292 
9.83033 
9.83358 
9.83638 
9.84036 
9.84141 
9.8456 
9.84754 
9.84848 
9.84851 
9.85013 
9.85039 
9.85104 
9.85277 
9.85308 
9.85745 
9.85849 
9.85851 
9.85972 
9.86031 
9.86362 
9.86466 
9.86609 
9.86653 
9.86765 
9.8695 
9.87039 
9.87132 
9.87215 
9.87244 
9.87406 
9.87478 
9.87525 
9.87734 
9.87817 
9.87867 
9.87965 
9.88385 
9.88399 
9.88418 
9.88732 
9.891 
9.89344 
9.8943 
9.89576 
9.89603 
9.89647 
9.90172 
9.90176 
9.90381 
9.90623 
9.90654 
9.90804 
9.9082 
9.90823 
9.90837 
9.90922 
9.91071 
9.91173 
9.91409 
9.91523 
9.91639 
9.918 
9.91804 
9.91864 
9.91902 
9.91991 
9.92197 
9.92295 
9.92338 
9.92985 
9.92991 
9.93009 
9.9303 
9.93188 
9.93195 
9.93202 
9.9339 
9.93436 
9.9344 
9.93455 
9.93586 
9.93732 
9.93801 
9.93898 
9.93952 
9.94178 
9.94187 
9.94317 
9.94344 
9.94409 
9.94438 
9.9453 
9.94571 
9.94685 
9.94705 
9.94768 
9.94919 
9.9499 
9.9517 
9.95353 
9.95384 
9.95419 
9.95651 
9.95776 
9.95801 
9.95848 
9.95871 
9.9588 
9.96042 
9.96063 
9.96106 
9.97147 
9.97195 
9.9731 
9.97324 
9.97385 
9.97406 
9.97506 
9.97519 
9.9759 
9.97779 
9.98022 
9.98076 
9.98102 
9.98405 
9.98606 
9.98787 
9.99137 
9.99163 
9.99212 
9.99262 
9.99271 
9.99326 
9.99467 
9.99554 
9.99612 
9.99852 
10.0002 
10.0004 
10.0005 
10.0038 
10.0055 
10.0057 
10.0061 
10.0062 
10.0067 
10.0068 
10.0069 
10.007 
10.0086 
10.0086 
10.0102 
10.0107 
10.0115 
10.0123 
10.0148 
10.0156 
10.0156 
10.0157 
10.0159 
10.0166 
10.0167 
10.0172 
10.0173 
10.0175 
10.0194 
10.0226 
10.0241 
10.0245 
10.0249 
10.0256 
10.0266 
10.028 
10.0327 
10.0372 
10.0384 
10.0388 
10.0403 
10.0449 
10.0451 
10.0469 
10.0476 
10.0482 
10.0497 
10.0514 
10.0573 
10.0578 
10.0611 
10.0617 
10.0622 
10.0626 
10.0655 
10.0658 
10.0698 
10.07 
10.0702 
10.0714 
10.0754 
10.0764 
10.0773 
10.0773 
10.0774 
10.0776 
10.0807 
10.0817 
10.084 
10.086 
10.0874 
10.0886 
10.0887 
10.0908 
10.0932 
10.0939 
10.0942 
10.0975 
10.0977 
10.0988 
10.0991 
10.0992 
10.103 
10.1047 
10.1053 
10.1056 
10.1066 
10.1066 
10.1084 
10.1089 
10.1102 
10.1122 
10.113 
10.1154 
10.1157 
10.118 
10.1202 
10.1202 
10.1237 
10.1245 
10.1256 
10.1264 
10.1283 
10.131 
10.1313 
10.1315 
10.1317 
10.1322 
10.1324 
10.1333 
10.1349 
10.1366 
10.1375 
10.141 
10.1422 
10.1426 
10.1428 
10.1446 
10.147 
10.1477 
10.1493 
10.1499 
10.1506 
10.157 
10.1589 
10.1598 
10.1601 
10.1615 
10.1618 
10.1621 
10.1646 
10.1648 
10.1661 
10.1669 
10.1669 
10.1677 
10.1693 
10.1697 
10.1725 
10.1738 
10.1768 
10.1814 
10.1815 
10.1817 
10.182 
10.1842 
10.1852 
10.1858 
10.1866 
10.1874 
10.1874 
10.1881 
10.1901 
10.1906 
10.1906 
10.194 
10.1956 
10.1959 
10.1989 
10.1998 
10.1999 
10.2028 
10.2043 
10.2056 
10.2081 
10.2081 
10.2104 
10.2106 
10.2123 
10.2132 
10.2145 
10.215 
10.2176 
10.2182 
10.2198 
10.221 
10.2228 
10.2232 
10.2236 
10.2239 
10.2243 
10.2245 
10.2249 
10.2268 
10.2283 
10.2285 
10.2289 
10.2295 
10.2308 
10.231 
10.2322 
10.2354 
10.236 
10.2364 
10.2395 
10.2397 
10.2399 
10.24 
10.2408 
10.2413 
10.243 
10.2435 
10.2437 
10.2446 
10.2457 
10.249 
10.2497 
10.2501 
10.2506 
10.2512 
10.2536 
10.2537 
10.2556 
10.2566 
10.2572 
10.2574 
10.2583 
10.2603 
10.2606 
10.2627 
10.2628 
10.2648 
10.2653 
10.2662 
10.268 
10.2685 
10.2689 
10.2694 
10.27 
10.2703 
10.2744 
10.2764 
10.2769 
10.2773 
10.2778 
10.2843 
10.2845 
10.2856 
10.2879 
10.2882 
10.2885 
10.2893 
10.2897 
10.2903 
10.2904 
10.2905 
10.2939 
10.2956 
10.296 
10.2968 
10.2976 
10.3006 
10.3011 
10.3027 
10.3042 
10.3044 
10.3046 
10.3048 
10.3063 
10.3085 
10.3088 
10.3105 
10.3107 
10.3117 
10.3124 
10.3125 
10.3128 
10.3129 
10.3144 
10.3145 
10.3154 
10.3171 
10.3172 
10.3244 
10.3246 
10.3254 
10.3267 
10.327 
10.3273 
10.3279 
10.328 
10.3308 
10.3309 
10.331 
10.3312 
10.3318 
10.3326 
10.3334 
10.3338 
10.3343 
10.3344 
10.3358 
10.336 
10.3387 
10.3389 
10.3399 
10.3406 
10.3411 
10.3425 
10.3426 
10.3445 
10.3459 
10.3463 
10.3473 
10.3504 
10.3511 
10.3516 
10.3522 
10.3528 
10.3532 
10.3536 
10.3545 
10.3554 
10.3555 
10.3561 
10.3583 
10.3604 
10.3626 
10.3638 
10.3652 
10.3654 
10.3664 
10.3672 
10.3676 
10.3685 
10.3697 
10.3706 
10.3725 
10.3726 
10.3733 
10.3782 
10.3795 
10.3797 
10.3801 
10.3846 
10.3857 
10.3859 
10.3866 
10.3867 
10.388 
10.3881 
10.3891 
10.39 
10.3928 
10.3931 
10.3933 
10.3942 
10.3956 
10.3977 
10.3988 
10.3994 
10.4002 
10.4012 
10.4022 
10.4023 
10.403 
10.4048 
10.4052 
10.4055 
10.4059 
10.4061 
10.4071 
10.4074 
10.4077 
10.4094 
10.4096 
10.4104 
10.4107 
10.4108 
10.4114 
10.4136 
10.4143 
10.4158 
10.4164 
10.4185 
10.4224 
10.4233 
10.424 
10.4248 
10.4251 
10.4257 
10.4263 
10.4264 
10.432 
10.433 
10.435 
10.4364 
10.4368 
10.4376 
10.4384 
10.4388 
10.4401 
10.4417 
10.4419 
10.4432 
10.4432 
10.4436 
10.4439 
10.444 
10.4444 
10.4445 
10.445 
10.4477 
10.4484 
10.452 
10.453 
10.4531 
10.4575 
10.4576 
10.4576 
10.4586 
10.4598 
10.4601 
10.461 
10.4617 
10.4624 
10.4646 
10.4662 
10.4672 
10.4673 
10.4685 
10.4687 
10.4688 
10.4689 
10.4739 
10.4758 
10.4772 
10.4783 
10.4788 
10.4788 
10.4791 
10.4805 
10.482 
10.4823 
10.4823 
10.4824 
10.4831 
10.4831 
10.487 
10.488 
10.4933 
10.4934 
10.495 
10.4953 
10.4957 
10.4964 
10.497 
10.4973 
10.4982 
10.5002 
10.5035 
10.5039 
10.5048 
10.5057 
10.5074 
10.508 
10.5084 
10.5091 
10.5107 
10.5114 
10.5144 
10.5172 
10.5176 
10.518 
10.5196 
10.5202 
10.5205 
10.5206 
10.521 
10.5224 
10.5226 
10.5242 
10.5243 
10.525 
10.5254 
10.5261 
10.5299 
10.5341 
10.5351 
10.5352 
10.5352 
10.536 
10.5362 
10.5384 
10.5395 
10.5444 
10.5444 
10.5456 
10.5463 
10.5467 
10.5474 
10.5485 
10.5489 
10.55 
10.5508 
10.5514 
10.5526 
10.5536 
10.5546 
10.5623 
10.5627 
10.5655 
10.5672 
10.5679 
10.5689 
10.5709 
10.5712 
10.5728 
10.573 
10.5739 
10.5748 
10.5759 
10.576 
10.5762 
10.5776 
10.5778 
10.5783 
10.5791 
10.5792 
10.58 
10.58 
10.5804 
10.582 
10.5834 
10.5841 
10.5843 
10.5853 
10.5853 
10.5855 
10.5863 
10.5872 
10.5879 
10.5896 
10.5908 
10.5912 
10.5927 
10.5964 
10.5987 
10.5989 
10.6014 
10.6015 
10.6018 
10.6047 
10.6059 
10.606 
10.6069 
10.6079 
10.6111 
10.6149 
10.6156 
10.618 
10.6194 
10.6213 
10.6267 
10.6271 
10.6273 
10.6278 
10.6295 
10.6297 
10.6298 
10.6314 
10.6336 
10.6343 
10.6348 
10.6354 
10.6361 
10.6374 
10.638 
10.6396 
10.6404 
10.6419 
10.6425 
10.6436 
10.6438 
10.6466 
10.6485 
10.6492 
10.6496 
10.6497 
10.6503 
10.6503 
10.6534 
10.6554 
10.6566 
10.6592 
10.6604 
10.6628 
10.6633 
10.6634 
10.6646 
10.6647 
10.666 
10.6665 
10.6667 
10.6672 
10.668 
10.6686 
10.6718 
10.6729 
10.6731 
10.6736 
10.674 
10.6758 
10.6768 
10.6771 
10.6788 
10.679 
10.6795 
10.6798 
10.6803 
10.6808 
10.6817 
10.6822 
10.6841 
10.6851 
10.6854 
10.6863 
10.6869 
10.6869 
10.6891 
10.6892 
10.6893 
10.6921 
10.6922 
10.6935 
10.6951 
10.6955 
10.6964 
10.6986 
10.7002 
10.7015 
10.7025 
10.7026 
10.7027 
10.703 
10.7034 
10.7037 
10.704 
10.7063 
10.7083 
10.7086 
10.7114 
10.7118 
10.7118 
10.7126 
10.7139 
10.7139 
10.7153 
10.7168 
10.7186 
10.7192 
10.7193 
10.7202 
10.7233 
10.7237 
10.7251 
10.7253 
10.7258 
10.7288 
10.7295 
10.7296 
10.7299 
10.7301 
10.7312 
10.7337 
10.7357 
10.7362 
10.737 
10.7377 
10.741 
10.7414 
10.7421 
10.7428 
10.7429 
10.7438 
10.7441 
10.7443 
10.7446 
10.7448 
10.7448 
10.7475 
10.7483 
10.7506 
10.7513 
10.7516 
10.754 
10.7558 
10.7561 
10.758 
10.7584 
10.7591 
10.7614 
10.7618 
10.7626 
10.7645 
10.7646 
10.7654 
10.7688 
10.7688 
10.7696 
10.7699 
10.7702 
10.7704 
10.772 
10.7728 
10.7729 
10.7731 
10.7754 
10.7756 
10.7761 
10.7766 
10.7769 
10.7781 
10.7781 
10.7786 
10.7804 
10.7855 
10.7861 
10.7884 
10.7893 
10.7893 
10.7915 
10.7917 
10.7928 
10.793 
10.7941 
10.7964 
10.7972 
10.7977 
10.7977 
10.7979 
10.8018 
10.8019 
10.8035 
10.8038 
10.8054 
10.8058 
10.8064 
10.8073 
10.8102 
10.8126 
10.8157 
10.8159 
10.8198 
10.8219 
10.8224 
10.8227 
10.8229 
10.8239 
10.8242 
10.8292 
10.8301 
10.831 
10.8365 
10.8365 
10.8376 
10.8387 
10.8392 
10.8393 
10.8417 
10.8419 
10.842 
10.8423 
10.8425 
10.8435 
10.8436 
10.844 
10.8452 
10.8462 
10.8481 
10.8481 
10.8487 
10.8491 
10.8506 
10.8508 
10.8517 
10.852 
10.8523 
10.854 
10.8554 
10.8554 
10.8557 
10.8568 
10.8586 
10.8603 
10.8604 
10.861 
10.8614 
10.8621 
10.8622 
10.8636 
10.8653 
10.8657 
10.8668 
10.8696 
10.8702 
10.8727 
10.8731 
10.8731 
10.8736 
10.874 
10.874 
10.8756 
10.8774 
10.8783 
10.8787 
10.8805 
10.8806 
10.8817 
10.8819 
10.8844 
10.8845 
10.885 
10.8853 
10.8884 
10.8903 
10.8919 
10.8927 
10.8956 
10.8962 
10.8963 
10.8975 
10.8975 
10.9006 
10.9011 
10.9015 
10.9022 
10.9059 
10.9093 
10.9131 
10.9133 
10.9136 
10.9138 
10.9145 
10.9153 
10.9164 
10.9166 
10.9173 
10.9185 
10.9186 
10.9209 
10.9221 
10.9225 
10.9227 
10.9236 
10.925 
10.9253 
10.9271 
10.9285 
10.9292 
10.9302 
10.9311 
10.9318 
10.932 
10.9339 
10.9381 
10.9381 
10.9396 
10.9403 
10.9403 
10.9407 
10.9409 
10.9436 
10.9436 
10.9447 
10.9449 
10.9465 
10.9469 
10.9472 
10.948 
10.9486 
10.9487 
10.9498 
10.9518 
10.9545 
10.955 
10.9557 
10.9557 
10.9559 
10.9563 
10.9573 
10.9576 
10.9593 
10.961 
10.9632 
10.9635 
10.9646 
10.9646 
10.9665 
10.967 
10.9677 
10.9703 
10.9739 
10.9747 
10.9759 
10.9763 
10.9776 
10.9778 
10.979 
10.9795 
10.98 
10.9819 
10.9854 
10.986 
10.986 
10.9889 
10.9893 
10.9902 
10.9905 
10.9908 
10.9911 
10.9921 
10.9945 
10.9945 
10.9951 
10.9958 
10.9985 
10.9996 
11.0006 
11.0024 
11.004 
11.0041 
11.0043 
11.0065 
11.0084 
11.0087 
11.0093 
11.0093 
11.0108 
11.0117 
11.0118 
11.0169 
11.022 
11.0221 
11.0226 
11.0239 
11.0263 
11.0275 
11.0291 
11.0292 
11.0297 
11.03 
11.0317 
11.0319 
11.0334 
11.0347 
11.0352 
11.0352 
11.0358 
11.0364 
11.0365 
11.0381 
11.0381 
11.0383 
11.0398 
11.0406 
11.0409 
11.0432 
11.0433 
11.0451 
11.0462 
11.0471 
11.0475 
11.0484 
11.0486 
11.0487 
11.0512 
11.0519 
11.0553 
11.0561 
11.062 
11.0627 
11.0647 
11.0657 
11.0657 
11.0671 
11.0691 
11.0695 
11.0696 
11.0698 
11.0723 
11.0738 
11.0788 
11.0793 
11.0806 
11.0826 
11.083 
11.083 
11.088 
11.0892 
11.0909 
11.0921 
11.0927 
11.0929 
11.0931 
11.0934 
11.0937 
11.0939 
11.0949 
11.0964 
11.0973 
11.0981 
11.0983 
11.099 
11.0993 
11.1003 
11.1015 
11.1042 
11.1051 
11.1078 
11.1082 
11.1089 
11.1092 
11.1101 
11.1109 
11.111 
11.113 
11.116 
11.1178 
11.1184 
11.1192 
11.1204 
11.1207 
11.1213 
11.1214 
11.1218 
11.1224 
11.1229 
11.1259 
11.127 
11.128 
11.1283 
11.1296 
11.1305 
11.132 
11.1328 
11.1337 
11.1366 
11.1368 
11.1376 
11.1379 
11.1404 
11.1447 
11.1459 
11.1487 
11.1515 
11.1527 
11.1531 
11.1535 
11.1554 
11.1554 
11.1563 
11.1567 
11.157 
11.1592 
11.1616 
11.1626 
11.1632 
11.1642 
11.1652 
11.1677 
11.1678 
11.1679 
11.1679 
11.168 
11.1693 
11.1721 
11.1722 
11.1737 
11.1751 
11.1757 
11.1764 
11.1773 
11.1775 
11.1778 
11.1791 
11.18 
11.1802 
11.1805 
11.1809 
11.1809 
11.1811 
11.1815 
11.1837 
11.1857 
11.1881 
11.1891 
11.1899 
11.1907 
11.1935 
11.1942 
11.1947 
11.1952 
11.1961 
11.1965 
11.1966 
11.1972 
11.1975 
11.2002 
11.2004 
11.2006 
11.2041 
11.2061 
11.2067 
11.2067 
11.2069 
11.2086 
11.2097 
11.2115 
11.2127 
11.2135 
11.2144 
11.2161 
11.2164 
11.2167 
11.2168 
11.2189 
11.2192 
11.2205 
11.221 
11.2216 
11.2218 
11.2283 
11.2285 
11.2294 
11.2308 
11.2313 
11.2315 
11.2344 
11.2375 
11.2377 
11.2395 
11.2399 
11.24 
11.24 
11.2407 
11.2412 
11.242 
11.2424 
11.2462 
11.247 
11.2473 
11.2495 
11.251 
11.2516 
11.2517 
11.2529 
11.2558 
11.2562 
11.2592 
11.2593 
11.2594 
11.2596 
11.2626 
11.2648 
11.2677 
11.2693 
11.2696 
11.2697 
11.2708 
11.2741 
11.2763 
11.2776 
11.2782 
11.2784 
11.2809 
11.286 
11.2871 
11.2881 
11.2892 
11.2894 
11.2967 
11.2972 
11.2982 
11.2983 
11.2986 
11.3009 
11.301 
11.3034 
11.3083 
11.3085 
11.3086 
11.3094 
11.31 
11.3102 
11.3108 
11.3118 
11.313 
11.3141 
11.3152 
11.3182 
11.3204 
11.3237 
11.3263 
11.3272 
11.3281 
11.3299 
11.3301 
11.3307 
11.3311 
11.3323 
11.3336 
11.3351 
11.3352 
11.3362 
11.3365 
11.3368 
11.3375 
11.34 
11.341 
11.3411 
11.3414 
11.3417 
11.3425 
11.3439 
11.344 
11.3444 
11.3459 
11.3461 
11.3485 
11.3494 
11.3498 
11.3501 
11.3501 
11.3507 
11.3508 
11.3515 
11.3533 
11.3537 
11.3551 
11.3614 
11.3637 
11.3652 
11.3655 
11.366 
11.3662 
11.3663 
11.3679 
11.3697 
11.3714 
11.3719 
11.3733 
11.3737 
11.3741 
11.3751 
11.3767 
11.3773 
11.3773 
11.378 
11.3786 
11.3789 
11.3841 
11.3857 
11.3877 
11.3887 
11.3889 
11.3892 
11.3901 
11.393 
11.3933 
11.3936 
11.3939 
11.3943 
11.3964 
11.3987 
11.4004 
11.408 
11.409 
11.4102 
11.4109 
11.4143 
11.4143 
11.4155 
11.4156 
11.4168 
11.4182 
11.419 
11.4199 
11.4225 
11.4232 
11.4235 
11.4243 
11.4246 
11.4251 
11.4265 
11.4269 
11.4307 
11.4341 
11.4344 
11.4345 
11.4366 
11.4378 
11.4381 
11.4391 
11.4392 
11.4421 
11.4428 
11.4431 
11.4438 
11.4468 
11.4496 
11.4528 
11.454 
11.4551 
11.4554 
11.4565 
11.4567 
11.4614 
11.4625 
11.4668 
11.4671 
11.4677 
11.4685 
11.4688 
11.4689 
11.4703 
11.4718 
11.4735 
11.4745 
11.4747 
11.4754 
11.476 
11.48 
11.4807 
11.481 
11.4818 
11.4824 
11.4825 
11.4837 
11.486 
11.4869 
11.4883 
11.4893 
11.4897 
11.49 
11.491 
11.492 
11.4972 
11.4984 
11.4985 
11.5026 
11.5037 
11.5037 
11.5063 
11.5069 
11.5099 
11.51 
11.5151 
11.5167 
11.5195 
11.5297 
11.5318 
11.5323 
11.5331 
11.5377 
11.5404 
11.542 
11.5422 
11.5446 
11.5496 
11.5525 
11.5557 
11.5574 
11.559 
11.5613 
11.5617 
11.5629 
11.5632 
11.5646 
11.5669 
11.568 
11.568 
11.5684 
11.5691 
11.5694 
11.5698 
11.572 
11.5726 
11.5754 
11.5806 
11.5826 
11.5847 
11.5849 
11.5849 
11.5864 
11.5868 
11.5888 
11.5898 
11.5905 
11.5907 
11.5913 
11.5918 
11.592 
11.5927 
11.5938 
11.5939 
11.5939 
11.5949 
11.595 
11.5954 
11.5957 
11.5971 
11.5977 
11.5983 
11.5988 
11.599 
11.6007 
11.6015 
11.6023 
11.6031 
11.6039 
11.6042 
11.605 
11.6078 
11.6081 
11.6086 
11.6087 
11.6109 
11.6112 
11.6144 
11.6167 
11.6177 
11.6192 
11.6204 
11.6207 
11.6212 
11.6218 
11.6228 
11.6231 
11.624 
11.624 
11.6241 
11.6249 
11.625 
11.6274 
11.6275 
11.6279 
11.6284 
11.6289 
11.6301 
11.6315 
11.6334 
11.6335 
11.6335 
11.6338 
11.6338 
11.6357 
11.638 
11.6387 
11.6405 
11.6411 
11.6414 
11.6417 
11.644 
11.646 
11.6466 
11.6486 
11.6489 
11.6499 
11.6503 
11.6527 
11.6527 
11.6528 
11.6531 
11.6545 
11.6567 
11.6572 
11.6599 
11.6617 
11.6636 
11.6651 
11.6656 
11.6707 
11.6726 
11.6738 
11.6763 
11.6765 
11.677 
11.6775 
11.6783 
11.6792 
11.6793 
11.6836 
11.685 
11.6861 
11.6895 
11.6898 
11.6923 
11.6932 
11.6951 
11.6953 
11.6968 
11.6975 
11.6995 
11.7005 
11.7007 
11.7012 
11.7031 
11.7048 
11.7072 
11.7089 
11.7099 
11.7116 
11.7176 
11.7188 
11.7192 
11.7216 
11.7224 
11.7242 
11.7253 
11.7267 
11.7269 
11.7275 
11.7333 
11.7335 
11.7343 
11.7348 
11.7348 
11.7351 
11.7364 
11.7367 
11.7399 
11.7403 
11.742 
11.7421 
11.7435 
11.7477 
11.7498 
11.75 
11.7519 
11.7528 
11.7529 
11.7546 
11.7552 
11.7575 
11.7591 
11.7595 
11.7602 
11.7655 
11.7681 
11.7681 
11.7699 
11.7719 
11.7741 
11.7744 
11.7745 
11.7758 
11.7763 
11.7777 
11.7781 
11.7831 
11.7832 
11.7849 
11.785 
11.7884 
11.7887 
11.7888 
11.7902 
11.7907 
11.7932 
11.7945 
11.7952 
11.8 
11.8006 
11.8044 
11.8045 
11.8058 
11.8068 
11.8076 
11.8077 
11.8081 
11.8092 
11.8125 
11.8127 
11.8134 
11.8154 
11.8156 
11.8168 
11.8172 
11.818 
11.8189 
11.819 
11.8213 
11.8227 
11.8235 
11.8237 
11.8248 
11.8264 
11.8264 
11.8274 
11.8286 
11.8288 
11.83 
11.8305 
11.8309 
11.8324 
11.8339 
11.834 
11.8343 
11.8366 
11.8404 
11.8414 
11.8419 
11.8419 
11.8431 
11.8437 
11.8453 
11.8456 
11.8471 
11.8497 
11.8548 
11.8583 
11.8605 
11.8606 
11.8626 
11.8634 
11.8653 
11.8659 
11.8681 
11.8697 
11.8697 
11.8707 
11.8722 
11.8725 
11.873 
11.8748 
11.8755 
11.8758 
11.8823 
11.8845 
11.8848 
11.8862 
11.8877 
11.8883 
11.8887 
11.8906 
11.892 
11.8939 
11.8945 
11.899 
11.9027 
11.9032 
11.9054 
11.9076 
11.9083 
11.9084 
11.9091 
11.9107 
11.9111 
11.9113 
11.9122 
11.914 
11.9177 
11.9182 
11.9183 
11.9197 
11.9214 
11.925 
11.925 
11.929 
11.9293 
11.9294 
11.9328 
11.9339 
11.935 
11.9416 
11.942 
11.9422 
11.9431 
11.9433 
11.9458 
11.9492 
11.9503 
11.9505 
11.951 
11.9514 
11.952 
11.9555 
11.9572 
11.9614 
11.9657 
11.9658 
11.9693 
11.9702 
11.9721 
11.9725 
11.9779 
11.978 
11.9828 
11.9864 
11.9866 
11.9895 
11.9904 
11.991 
11.9921 
11.9927 
11.9929 
11.9949 
11.9959 
11.9961 
11.9968 
11.9985 
11.9996 
11.9998 
12 
12.0011 
12.0019 
12.0027 
12.0045 
12.0078 
12.0148 
12.0151 
12.0165 
12.0172 
12.0174 
12.0178 
12.0184 
12.019 
12.0196 
12.0201 
12.0208 
12.0215 
12.0218 
12.0228 
12.023 
12.023 
12.0255 
12.0265 
12.0271 
12.0284 
12.0294 
12.0303 
12.0314 
12.0334 
12.0338 
12.034 
12.0365 
12.0375 
12.0381 
12.0392 
12.0428 
12.0435 
12.0491 
12.0503 
12.0515 
12.0518 
12.0524 
12.0527 
12.0535 
12.0577 
12.0581 
12.0585 
12.0628 
12.0634 
12.0637 
12.065 
12.0657 
12.0668 
12.0682 
12.0729 
12.0746 
12.0747 
12.0757 
12.0768 
12.0785 
12.0798 
12.0807 
12.0845 
12.0856 
12.086 
12.0867 
12.0872 
12.0926 
12.0936 
12.0938 
12.0948 
12.0953 
12.0962 
12.0992 
12.0993 
12.0996 
12.106 
12.1069 
12.1075 
12.1087 
12.1088 
12.1107 
12.1108 
12.1117 
12.1123 
12.1132 
12.1156 
12.1186 
12.1186 
12.1228 
12.1235 
12.1242 
12.1242 
12.1284 
12.1292 
12.1305 
12.1315 
12.1328 
12.1334 
12.1339 
12.1347 
12.1371 
12.1389 
12.1391 
12.1401 
12.141 
12.1429 
12.1432 
12.1446 
12.146 
12.1469 
12.1475 
12.1486 
12.1494 
12.1553 
12.1562 
12.1568 
12.1572 
12.1578 
12.1586 
12.1635 
12.1636 
12.1641 
12.1656 
12.1663 
12.1665 
12.1672 
12.1679 
12.1683 
12.1704 
12.1721 
12.1799 
12.18 
12.1803 
12.1816 
12.1821 
12.1828 
12.183 
12.184 
12.185 
12.1851 
12.1868 
12.1892 
12.193 
12.1949 
12.1964 
12.1966 
12.1975 
12.1989 
12.2037 
12.2052 
12.2059 
12.2075 
12.2079 
12.211 
12.2137 
12.215 
12.2165 
12.2176 
12.2179 
12.2211 
12.2225 
12.2237 
12.2284 
12.2287 
12.2304 
12.2329 
12.2352 
12.2358 
12.2372 
12.238 
12.2392 
12.2412 
12.245 
12.2466 
12.2466 
12.2484 
12.2489 
12.2505 
12.2536 
12.2548 
12.2574 
12.2601 
12.2602 
12.2607 
12.2611 
12.2614 
12.2614 
12.2617 
12.2636 
12.2637 
12.2639 
12.2649 
12.269 
12.269 
12.2694 
12.2702 
12.2706 
12.2733 
12.2736 
12.2738 
12.2744 
12.276 
12.2767 
12.2813 
12.2824 
12.2824 
12.2838 
12.2841 
12.2887 
12.2888 
12.2904 
12.2909 
12.2913 
12.2922 
12.2961 
12.3003 
12.3035 
12.3049 
12.3067 
12.3084 
12.3092 
12.3118 
12.312 
12.3157 
12.3171 
12.3172 
12.3193 
12.323 
12.3232 
12.3235 
12.3256 
12.3268 
12.3273 
12.3275 
12.3294 
12.3348 
12.3383 
12.3393 
12.3403 
12.3404 
12.3476 
12.3488 
12.3494 
12.3503 
12.3509 
12.3513 
12.355 
12.3552 
12.357 
12.3589 
12.3589 
12.3591 
12.3613 
12.3614 
12.3625 
12.3633 
12.3674 
12.3694 
12.3695 
12.3696 
12.3731 
12.3748 
12.3751 
12.3754 
12.3758 
12.3759 
12.377 
12.3775 
12.3784 
12.3794 
12.3814 
12.3846 
12.3874 
12.3878 
12.3914 
12.3931 
12.3963 
12.3987 
12.4028 
12.4042 
12.4045 
12.4052 
12.4077 
12.4083 
12.4088 
12.409 
12.4095 
12.4117 
12.414 
12.4158 
12.4159 
12.4194 
12.4223 
12.4227 
12.423 
12.4246 
12.4261 
12.4277 
12.4283 
12.4296 
12.4302 
12.4313 
12.4321 
12.4329 
12.4349 
12.4364 
12.4364 
12.4385 
12.4394 
12.4403 
12.4405 
12.4412 
12.4413 
12.443 
12.4434 
12.4469 
12.4474 
12.4477 
12.4483 
12.4489 
12.4494 
12.4513 
12.4516 
12.453 
12.4561 
12.458 
12.4604 
12.4622 
12.4624 
12.4646 
12.4648 
12.465 
12.4653 
12.4659 
12.4669 
12.4692 
12.4716 
12.4718 
12.4746 
12.4771 
12.4781 
12.4788 
12.4795 
12.4854 
12.487 
12.487 
12.4889 
12.4894 
12.4925 
12.4933 
12.4969 
12.4981 
12.4998 
12.5005 
12.5008 
12.5018 
12.5022 
12.5072 
12.5105 
12.5107 
12.512 
12.5217 
12.5236 
12.5255 
12.5259 
12.5282 
12.5291 
12.53 
12.5332 
12.5346 
12.5347 
12.536 
12.5439 
12.544 
12.5453 
12.5462 
12.5463 
12.5465 
12.55 
12.5508 
12.5587 
12.5598 
12.5599 
12.5602 
12.5609 
12.5612 
12.5613 
12.5617 
12.5618 
12.5619 
12.5625 
12.5638 
12.5643 
12.5643 
12.5678 
12.5687 
12.5691 
12.57 
12.571 
12.5722 
12.5732 
12.5742 
12.5752 
12.5761 
12.5775 
12.578 
12.5872 
12.5918 
12.5921 
12.5944 
12.5962 
12.5982 
12.5985 
12.5999 
12.6014 
12.6018 
12.6019 
12.6025 
12.6044 
12.6079 
12.6104 
12.6111 
12.6116 
12.6151 
12.6173 
12.6194 
12.6233 
12.6255 
12.6263 
12.6266 
12.6279 
12.628 
12.6294 
12.6297 
12.6347 
12.6352 
12.6358 
12.6384 
12.6397 
12.6399 
12.6429 
12.6448 
12.6457 
12.646 
12.6465 
12.6481 
12.6486 
12.6492 
12.65 
12.6503 
12.6525 
12.6534 
12.6535 
12.6535 
12.6537 
12.6574 
12.6594 
12.6605 
12.6612 
12.6647 
12.6683 
12.6687 
12.6707 
12.6726 
12.6737 
12.674 
12.6744 
12.6763 
12.6803 
12.6816 
12.6841 
12.6846 
12.685 
12.6886 
12.6901 
12.6907 
12.6911 
12.6912 
12.6922 
12.6927 
12.6927 
12.6974 
12.704 
12.7054 
12.7055 
12.7089 
12.7151 
12.7154 
12.7157 
12.7163 
12.7166 
12.7168 
12.7181 
12.7211 
12.7232 
12.726 
12.7288 
12.7305 
12.7321 
12.7334 
12.7352 
12.7354 
12.7389 
12.7409 
12.7432 
12.7435 
12.7444 
12.7462 
12.7488 
12.7499 
12.7517 
12.7529 
12.7531 
12.754 
12.7547 
12.757 
12.7577 
12.7584 
12.7596 
12.7596 
12.7597 
12.7598 
12.7606 
12.7631 
12.7638 
12.766 
12.7661 
12.7706 
12.7719 
12.7733 
12.7738 
12.7744 
12.7755 
12.7757 
12.7776 
12.7819 
12.7834 
12.7841 
12.7848 
12.7858 
12.7872 
12.7876 
12.788 
12.7957 
12.7966 
12.7968 
12.8002 
12.8026 
12.803 
12.8032 
12.8035 
12.8103 
12.8105 
12.8116 
12.8136 
12.8176 
12.822 
12.8232 
12.8243 
12.8258 
12.8264 
12.8283 
12.8333 
12.8344 
12.8345 
12.8352 
12.8365 
12.844 
12.8477 
12.8581 
12.8586 
12.8612 
12.8622 
12.8645 
12.8666 
12.8728 
12.8734 
12.8745 
12.8758 
12.8792 
12.8811 
12.8812 
12.8855 
12.8856 
12.8861 
12.8902 
12.8909 
12.8926 
12.8927 
12.8927 
12.8986 
12.8988 
12.899 
12.9039 
12.9045 
12.9116 
12.9124 
12.9167 
12.9189 
12.9213 
12.9216 
12.9226 
12.9251 
12.926 
12.9265 
12.927 
12.927 
12.9276 
12.9294 
12.9308 
12.9312 
12.9317 
12.9318 
12.9329 
12.9339 
12.9347 
12.9369 
12.9382 
12.9382 
12.9397 
12.9413 
12.9453 
12.9453 
12.9459 
12.9464 
12.9476 
12.9484 
12.9489 
12.9489 
12.9537 
12.9554 
12.9579 
12.9601 
12.9603 
12.9609 
12.9619 
12.9621 
12.9624 
12.9691 
12.9781 
12.9781 
12.9796 
12.9798 
12.9812 
12.982 
12.9828 
12.9828 
12.9835 
12.9849 
12.9856 
12.9858 
12.9861 
12.9867 
12.9908 
12.9923 
12.9926 
12.9986 
12.9993 
12.9996 
13.0006 
13.0021 
13.0021 
13.0033 
13.0048 
13.0051 
13.0055 
13.0058 
13.0059 
13.0077 
13.0123 
13.0139 
13.019 
13.0194 
13.0228 
13.0268 
13.0276 
13.0283 
13.0336 
13.0349 
13.0349 
13.0351 
13.0363 
13.0371 
13.0391 
13.0399 
13.0399 
13.0401 
13.0409 
13.0452 
13.0453 
13.0453 
13.0472 
13.0475 
13.0476 
13.0482 
13.0486 
13.0489 
13.0497 
13.0498 
13.056 
13.0566 
13.0581 
13.0601 
13.0607 
13.0633 
13.0633 
13.064 
13.0661 
13.0661 
13.0671 
13.0686 
13.0691 
13.0692 
13.0694 
13.0711 
13.0724 
13.0738 
13.0754 
13.0759 
13.0777 
13.0784 
13.0787 
13.079 
13.0793 
13.0793 
13.0795 
13.0803 
13.0815 
13.0827 
13.0847 
13.0872 
13.0877 
13.088 
13.088 
13.0904 
13.0928 
13.0954 
13.0966 
13.0995 
13.0995 
13.0998 
13.1022 
13.1027 
13.1031 
13.1081 
13.1083 
13.109 
13.1114 
13.1121 
13.1123 
13.1129 
13.1156 
13.1157 
13.1167 
13.1239 
13.1241 
13.1252 
13.1253 
13.1258 
13.1264 
13.1266 
13.1271 
13.1281 
13.1285 
13.1287 
13.1294 
13.1336 
13.1347 
13.135 
13.1362 
13.1373 
13.1379 
13.1383 
13.1391 
13.143 
13.1465 
13.147 
13.1503 
13.152 
13.1551 
13.1557 
13.1558 
13.1578 
13.159 
13.16 
13.1602 
13.1631 
13.165 
13.1653 
13.1658 
13.168 
13.171 
13.1759 
13.1759 
13.1782 
13.1827 
13.1828 
13.1849 
13.1878 
13.1879 
13.1881 
13.1888 
13.1893 
13.19 
13.1952 
13.1957 
13.1964 
13.197 
13.1974 
13.1983 
13.2001 
13.2009 
13.2019 
13.2068 
13.2083 
13.2091 
13.2093 
13.2104 
13.215 
13.2164 
13.218 
13.2182 
13.2242 
13.2247 
13.2277 
13.2308 
13.2336 
13.2347 
13.2352 
13.2364 
13.2377 
13.2423 
13.2438 
13.2455 
13.2461 
13.248 
13.2503 
13.2516 
13.253 
13.2531 
13.2533 
13.2545 
13.2551 
13.2578 
13.2593 
13.2616 
13.2616 
13.2693 
13.2712 
13.272 
13.2737 
13.2766 
13.2766 
13.2768 
13.2801 
13.2803 
13.2803 
13.2809 
13.2811 
13.2816 
13.2825 
13.2844 
13.2864 
13.2884 
13.2909 
13.2911 
13.2911 
13.2935 
13.2949 
13.2954 
13.2958 
13.2971 
13.3019 
13.3026 
13.3044 
13.3049 
13.3056 
13.3085 
13.3087 
13.3121 
13.3177 
13.3188 
13.3208 
13.3226 
13.3244 
13.3245 
13.3254 
13.3254 
13.3259 
13.3282 
13.3311 
13.3336 
13.3375 
13.338 
13.3465 
13.3477 
13.3479 
13.351 
13.3582 
13.3586 
13.3606 
13.3618 
13.3619 
13.3626 
13.363 
13.3682 
13.3697 
13.3702 
13.3708 
13.3717 
13.379 
13.3824 
13.3829 
13.384 
13.3842 
13.386 
13.3863 
13.3873 
13.388 
13.3922 
13.3931 
13.394 
13.3947 
13.403 
13.403 
13.4039 
13.4039 
13.404 
13.4048 
13.4066 
13.4066 
13.4074 
13.4074 
13.4078 
13.4092 
13.4101 
13.417 
13.4172 
13.4185 
13.419 
13.4194 
13.4223 
13.4248 
13.425 
13.4328 
13.4348 
13.4353 
13.4365 
13.4371 
13.4385 
13.4391 
13.4438 
13.4464 
13.4468 
13.4476 
13.4478 
13.4503 
13.4505 
13.4507 
13.4511 
13.4521 
13.4522 
13.4529 
13.4569 
13.4572 
13.4573 
13.4603 
13.4619 
13.464 
13.4669 
13.4673 
13.4699 
13.4718 
13.4779 
13.4783 
13.4786 
13.4795 
13.4816 
13.4819 
13.4842 
13.4844 
13.4866 
13.4873 
13.4886 
13.4912 
13.4919 
13.4923 
13.4962 
13.4977 
13.5011 
13.5025 
13.5027 
13.5031 
13.5032 
13.5037 
13.5075 
13.5084 
13.5132 
13.5138 
13.5167 
13.5212 
13.5246 
13.5247 
13.527 
13.5311 
13.5313 
13.5325 
13.5361 
13.5377 
13.5384 
13.5404 
13.5412 
13.5424 
13.5436 
13.5492 
13.5523 
13.5529 
13.5536 
13.5538 
13.5565 
13.5575 
13.5578 
13.5595 
13.5608 
13.5626 
13.5677 
13.5754 
13.576 
13.5783 
13.5812 
13.5845 
13.5852 
13.5868 
13.5895 
13.5941 
13.5954 
13.5972 
13.5972 
13.5989 
13.6011 
13.6046 
13.6103 
13.6133 
13.6157 
13.6169 
13.6179 
13.6198 
13.6199 
13.6214 
13.6242 
13.6256 
13.6268 
13.6271 
13.6327 
13.6359 
13.6365 
13.6372 
13.6383 
13.6406 
13.6434 
13.6439 
13.6454 
13.6499 
13.6524 
13.6542 
13.6559 
13.656 
13.6574 
13.6589 
13.6628 
13.6645 
13.6665 
13.6671 
13.671 
13.6741 
13.6748 
13.6754 
13.6789 
13.6791 
13.6796 
13.6821 
13.6837 
13.6862 
13.6893 
13.6905 
13.6915 
13.692 
13.6947 
13.6955 
13.6961 
13.6996 
13.7008 
13.7109 
13.7219 
13.7233 
13.7288 
13.7293 
13.7359 
13.7361 
13.737 
13.7371 
13.7397 
13.7414 
13.7451 
13.7453 
13.7468 
13.7472 
13.7473 
13.7483 
13.7491 
13.7503 
13.7553 
13.7561 
13.7575 
13.759 
13.7601 
13.7606 
13.7625 
13.7707 
13.7716 
13.7723 
13.7723 
13.778 
13.7783 
13.7791 
13.78 
13.78 
13.7811 
13.7822 
13.7835 
13.7842 
13.785 
13.7852 
13.7861 
13.7892 
13.791 
13.7995 
13.8012 
13.8024 
13.8026 
13.8032 
13.8084 
13.8088 
13.8088 
13.8095 
13.8096 
13.814 
13.8167 
13.8211 
13.8244 
13.8254 
13.8267 
13.8269 
13.8292 
13.8296 
13.8334 
13.8341 
13.8372 
13.8409 
13.8445 
13.8466 
13.848 
13.8489 
13.8492 
13.8517 
13.8526 
13.8531 
13.8583 
13.8597 
13.8608 
13.8613 
13.8657 
13.8673 
13.8704 
13.8721 
13.8744 
13.877 
13.8777 
13.8794 
13.8827 
13.8836 
13.8857 
13.8881 
13.8884 
13.8889 
13.8915 
13.8922 
13.8924 
13.9031 
13.9044 
13.9063 
13.9088 
13.9096 
13.9116 
13.9139 
13.9163 
13.9186 
13.9189 
13.9204 
13.9225 
13.9228 
13.9232 
13.9248 
13.9253 
13.9282 
13.934 
13.9341 
13.9354 
13.9372 
13.9405 
13.9424 
13.9447 
13.945 
13.9466 
13.9499 
13.9501 
13.9542 
13.9557 
13.9574 
13.9596 
13.9607 
13.9619 
13.9656 
13.9685 
13.9703 
13.9705 
13.9721 
13.9739 
13.9751 
13.977 
13.9788 
13.9797 
13.9808 
13.9887 
13.9893 
13.9962 
13.9983 
13.9983 
13.9988 
14.0004 
14.0018 
14.0028 
14.0042 
14.0047 
14.0052 
14.006 
14.0063 
14.0145 
14.0151 
14.0158 
14.0169 
14.0207 
14.0275 
14.0295 
14.031 
14.0315 
14.0325 
14.0329 
14.0397 
14.04 
14.0421 
14.0431 
14.044 
14.0442 
14.0444 
14.0471 
14.0473 
14.0475 
14.0476 
14.049 
14.0498 
14.05 
14.0511 
14.0534 
14.0549 
14.0577 
14.0603 
14.0662 
14.0678 
14.0685 
14.0693 
14.073 
14.0755 
14.0769 
14.0776 
14.0828 
14.0837 
14.0839 
14.0849 
14.0857 
14.0906 
14.0913 
14.0926 
14.0931 
14.1002 
14.1016 
14.1017 
14.1022 
14.1029 
14.1055 
14.1088 
14.1089 
14.1091 
14.1105 
14.1131 
14.1138 
14.1193 
14.1232 
14.1242 
14.1289 
14.1295 
14.1295 
14.1338 
14.1353 
14.1373 
14.1396 
14.1406 
14.1456 
14.1468 
14.1471 
14.1484 
14.1495 
14.152 
14.1524 
14.1534 
14.1557 
14.1588 
14.16 
14.1616 
14.1644 
14.1645 
14.1665 
14.1676 
14.1681 
14.1708 
14.1774 
14.1801 
14.1814 
14.1824 
14.1839 
14.1923 
14.193 
14.1964 
14.1981 
14.1983 
14.1992 
14.2032 
14.2035 
14.2045 
14.2071 
14.2152 
14.2175 
14.2195 
14.2208 
14.2264 
14.2278 
14.2297 
14.2311 
14.2322 
14.2343 
14.2349 
14.2351 
14.2356 
14.2362 
14.2386 
14.241 
14.2438 
14.2444 
14.2446 
14.2467 
14.2478 
14.2517 
14.2523 
14.254 
14.2543 
14.2553 
14.2557 
14.2623 
14.2629 
14.2639 
14.2645 
14.2682 
14.2696 
14.2714 
14.273 
14.2732 
14.2757 
14.276 
14.2773 
14.2813 
14.2813 
14.2861 
14.287 
14.2895 
14.2953 
14.3031 
14.3062 
14.3065 
14.3157 
14.317 
14.3176 
14.3183 
14.3189 
14.3191 
14.3207 
14.323 
14.3263 
14.3323 
14.3324 
14.3339 
14.3363 
14.3364 
14.3374 
14.3382 
14.3383 
14.3393 
14.3397 
14.3454 
14.3461 
14.3497 
14.3536 
14.3561 
14.3606 
14.361 
14.3612 
14.3655 
14.3658 
14.3662 
14.3679 
14.3682 
14.3684 
14.3685 
14.3711 
14.3715 
14.3747 
14.375 
14.377 
14.3784 
14.3791 
14.3792 
14.3793 
14.3816 
14.3846 
14.3868 
14.3872 
14.3878 
14.388 
14.3883 
14.3918 
14.394 
14.3988 
14.3995 
14.4007 
14.401 
14.4025 
14.4041 
14.4057 
14.4076 
14.4091 
14.4095 
14.4095 
14.4101 
14.413 
14.4151 
14.4153 
14.4164 
14.418 
14.4217 
14.4222 
14.4229 
14.4233 
14.4258 
14.4265 
14.4282 
14.4282 
14.43 
14.4317 
14.4324 
14.4338 
14.4346 
14.4393 
14.4404 
14.4412 
14.4414 
14.4436 
14.45 
14.4508 
14.4557 
14.4576 
14.4576 
14.4583 
14.4599 
14.4652 
14.4677 
14.47 
14.4728 
14.4734 
14.4736 
14.4776 
14.4777 
14.4814 
14.4845 
14.4859 
14.4865 
14.4891 
14.4918 
14.4924 
14.4928 
14.4929 
14.4941 
14.4953 
14.4955 
14.4958 
14.496 
14.5022 
14.5037 
14.5076 
14.5115 
14.5156 
14.5197 
14.5254 
14.5276 
14.5307 
14.5308 
14.5324 
14.5374 
14.5377 
14.5401 
14.5411 
14.5416 
14.5475 
14.5487 
14.5535 
14.5536 
14.5549 
14.5605 
14.5606 
14.562 
14.5632 
14.566 
14.5662 
14.5678 
14.5722 
14.58 
14.5812 
14.5819 
14.5856 
14.5928 
14.5949 
14.5959 
14.5963 
14.5974 
14.5987 
14.6008 
14.6009 
14.6018 
14.6034 
14.6067 
14.6088 
14.6108 
14.6119 
14.6172 
14.6206 
14.6273 
14.6294 
14.6326 
14.6383 
14.6387 
14.6407 
14.6493 
14.6493 
14.651 
14.6525 
14.657 
14.6638 
14.6642 
14.6651 
14.6677 
14.6681 
14.6685 
14.6808 
14.6811 
14.6823 
14.6842 
14.6869 
14.6916 
14.6921 
14.6962 
14.6995 
14.7007 
14.7014 
14.7033 
14.7033 
14.7157 
14.7182 
14.7227 
14.7258 
14.734 
14.7347 
14.738 
14.7425 
14.7451 
14.7464 
14.7481 
14.7488 
14.7502 
14.7505 
14.7582 
14.76 
14.7619 
14.7627 
14.7672 
14.7704 
14.771 
14.774 
14.7754 
14.778 
14.7809 
14.7856 
14.7874 
14.7879 
14.7893 
14.7925 
14.7951 
14.7962 
14.7987 
14.8038 
14.8048 
14.8106 
14.8137 
14.8174 
14.818 
14.8185 
14.8201 
14.8228 
14.8263 
14.8285 
14.8302 
14.8307 
14.836 
14.8361 
14.8385 
14.839 
14.8407 
14.8441 
14.8462 
14.848 
14.8495 
14.8509 
14.8531 
14.8594 
14.8608 
14.8625 
14.8642 
14.8678 
14.8717 
14.8734 
14.8766 
14.8781 
14.8818 
14.8827 
14.8829 
14.8843 
14.8845 
14.8907 
14.8924 
14.8928 
14.8939 
14.8974 
14.8977 
14.8983 
14.8986 
14.8998 
14.9008 
14.904 
14.9042 
14.9051 
14.9056 
14.9108 
14.9115 
14.9128 
14.913 
14.9146 
14.9215 
14.9216 
14.9229 
14.9272 
14.9272 
14.9288 
14.9305 
14.9319 
14.9406 
14.9429 
14.9441 
14.9537 
14.9538 
14.9585 
14.9586 
14.9674 
14.9684 
14.9684 
14.973 
14.9739 
14.9743 
14.9745 
14.9767 
14.9767 
14.9777 
14.979 
14.9804 
14.9813 
14.9834 
14.9873 
14.9874 
14.9889 
14.9932 
14.9962 
14.9972 
14.9997 
15.0004 
15.0045 
15.0073 
15.0121 
15.0149 
15.026 
15.0267 
15.0272 
15.0275 
15.0305 
15.0311 
15.0357 
15.036 
15.0402 
15.0428 
15.0433 
15.0478 
15.05 
15.0548 
15.058 
15.0582 
15.0599 
15.0606 
15.0654 
15.066 
15.0669 
15.0688 
15.071 
15.0716 
15.0783 
15.0789 
15.0795 
15.0816 
15.0821 
15.0848 
15.0893 
15.0924 
15.0925 
15.0976 
15.098 
15.0985 
15.0996 
15.1019 
15.1043 
15.1045 
15.1047 
15.1048 
15.1049 
15.1059 
15.1104 
15.1133 
15.1182 
15.1195 
15.1202 
15.1242 
15.1259 
15.1296 
15.135 
15.1414 
15.1453 
15.1494 
15.1498 
15.153 
15.153 
15.1533 
15.155 
15.1651 
15.1656 
15.168 
15.1711 
15.1757 
15.1785 
15.181 
15.1813 
15.1815 
15.1854 
15.186 
15.1879 
15.1888 
15.1891 
15.193 
15.1935 
15.1936 
15.1937 
15.1962 
15.1981 
15.1985 
15.2045 
15.2071 
15.2085 
15.2099 
15.2114 
15.2167 
15.2223 
15.2223 
15.2286 
15.2286 
15.2292 
15.2297 
15.231 
15.2324 
15.2334 
15.2339 
15.234 
15.2355 
15.2358 
15.2384 
15.2388 
15.2389 
15.2404 
15.2417 
15.2423 
15.2428 
15.2489 
15.251 
15.2521 
15.2528 
15.2571 
15.2592 
15.26 
15.261 
15.2635 
15.2674 
15.2684 
15.2688 
15.2759 
15.2782 
15.2786 
15.2877 
15.2883 
15.2904 
15.2917 
15.2923 
15.2926 
15.296 
15.2961 
15.2965 
15.2972 
15.2996 
15.3018 
15.3063 
15.3086 
15.3091 
15.3098 
15.3141 
15.3145 
15.3222 
15.3227 
15.3242 
15.3279 
15.3306 
15.3308 
15.331 
15.3313 
15.3316 
15.3357 
15.3395 
15.3397 
15.3421 
15.3427 
15.3453 
15.3596 
15.3614 
15.362 
15.3624 
15.3641 
15.3674 
15.3721 
15.3723 
15.3756 
15.3763 
15.3774 
15.3786 
15.3795 
15.3827 
15.3856 
15.3893 
15.3914 
15.3915 
15.3953 
15.3966 
15.3976 
15.3979 
15.3981 
15.399 
15.4018 
15.4028 
15.4049 
15.4068 
15.4082 
15.4091 
15.411 
15.411 
15.4125 
15.4143 
15.4174 
15.4197 
15.4198 
15.4202 
15.4285 
15.434 
15.4384 
15.4398 
15.44 
15.4432 
15.4436 
15.4443 
15.4455 
15.4467 
15.4475 
15.4476 
15.4478 
15.4571 
15.458 
15.4583 
15.4605 
15.4609 
15.4614 
15.4671 
15.4676 
15.4682 
15.4689 
15.4728 
15.4753 
15.4778 
15.478 
15.48 
15.4823 
15.4828 
15.4877 
15.5 
15.5013 
15.503 
15.5052 
15.5075 
15.5098 
15.5106 
15.5119 
15.5141 
15.5158 
15.5178 
15.5218 
15.5242 
15.525 
15.5262 
15.5322 
15.5343 
15.5344 
15.5378 
15.5421 
15.5439 
15.5507 
15.5513 
15.5536 
15.5553 
15.5652 
15.5667 
15.5685 
15.5688 
15.5693 
15.5739 
15.5741 
15.576 
15.5772 
15.5775 
15.5795 
15.5819 
15.5831 
15.5873 
15.5882 
15.5914 
15.5923 
15.5923 
15.5934 
15.5975 
15.6006 
15.6007 
15.6012 
15.6034 
15.6067 
15.6085 
15.6095 
15.6099 
15.6149 
15.616 
15.6191 
15.6205 
15.6232 
15.6261 
15.6296 
15.6346 
15.6361 
15.637 
15.6405 
15.6406 
15.6436 
15.6458 
15.6511 
15.6518 
15.6535 
15.6552 
15.6555 
15.6601 
15.6623 
15.6668 
15.6676 
15.6681 
15.6687 
15.6723 
15.6748 
15.6751 
15.6776 
15.6783 
15.6854 
15.6862 
15.6882 
15.6954 
15.6954 
15.6979 
15.6989 
15.6994 
15.7018 
15.7018 
15.7022 
15.7051 
15.7053 
15.7064 
15.708 
15.7086 
15.7118 
15.7136 
15.7147 
15.7157 
15.723 
15.7291 
15.7294 
15.7294 
15.7307 
15.7316 
15.7322 
15.7371 
15.7379 
15.7392 
15.742 
15.7486 
15.7567 
15.7615 
15.7626 
15.7635 
15.765 
15.7667 
15.7671 
15.7698 
15.7754 
15.7786 
15.7818 
15.7925 
15.7933 
15.794 
15.7972 
15.8046 
15.8055 
15.8092 
15.8145 
15.8211 
15.8228 
15.8277 
15.8289 
15.8323 
15.834 
15.8359 
15.8362 
15.8371 
15.8422 
15.8468 
15.8501 
15.8511 
15.8534 
15.8551 
15.8552 
15.8568 
15.858 
15.8585 
15.8601 
15.8612 
15.8615 
15.8653 
15.8681 
15.8689 
15.8713 
15.8743 
15.8812 
15.8837 
15.8845 
15.8865 
15.8876 
15.8881 
15.8888 
15.8902 
15.8935 
15.8995 
15.9121 
15.913 
15.914 
15.9161 
15.9208 
15.9215 
15.9217 
15.9239 
15.929 
15.9299 
15.9306 
15.9313 
15.9323 
15.9326 
15.9392 
15.9394 
15.9415 
15.9479 
15.9545 
15.9553 
15.9612 
15.9634 
15.9643 
15.9647 
15.965 
15.9664 
15.9683 
15.9686 
15.9688 
15.9695 
15.9711 
15.9714 
15.9739 
15.9766 
15.9766 
15.9812 
15.9844 
15.9847 
15.9866 
15.9888 
15.9896 
15.9942 
15.9974 
16.0022 
16.0053 
16.0119 
16.0136 
16.0139 
16.0181 
16.0192 
16.0204 
16.0215 
16.0241 
16.0254 
16.0258 
16.0273 
16.0287 
16.0292 
16.0316 
16.0323 
16.033 
16.035 
16.0382 
16.0434 
16.0526 
16.0554 
16.0616 
16.0742 
16.0756 
16.0757 
16.0763 
16.078 
16.0832 
16.0854 
16.0984 
16.1007 
16.1026 
16.1053 
16.107 
16.1095 
16.1146 
16.124 
16.1257 
16.1278 
16.1304 
16.1306 
16.1329 
16.1333 
16.1353 
16.1354 
16.1365 
16.1376 
16.1398 
16.1399 
16.1407 
16.1438 
16.1454 
16.1468 
16.1481 
16.1503 
16.1519 
16.1526 
16.1543 
16.1563 
16.1629 
16.1709 
16.1721 
16.1767 
16.1804 
16.1814 
16.1844 
16.186 
16.1867 
16.1879 
16.1888 
16.1999 
16.2008 
16.2045 
16.2101 
16.2114 
16.2117 
16.2212 
16.2222 
16.2241 
16.2321 
16.2386 
16.2441 
16.2469 
16.2502 
16.2511 
16.255 
16.2554 
16.2594 
16.2611 
16.2641 
16.2657 
16.2688 
16.2713 
16.2737 
16.2773 
16.2797 
16.2829 
16.2836 
16.2867 
16.287 
16.2886 
16.2889 
16.2892 
16.2903 
16.2918 
16.2995 
16.3004 
16.3022 
16.3036 
16.3069 
16.3103 
16.3126 
16.3134 
16.3137 
16.3151 
16.3253 
16.3259 
16.3324 
16.3351 
16.3354 
16.338 
16.3413 
16.3413 
16.3427 
16.3466 
16.3498 
16.3503 
16.3503 
16.3507 
16.3519 
16.3532 
16.3532 
16.3551 
16.3566 
16.3573 
16.363 
16.3659 
16.3673 
16.3685 
16.3727 
16.3743 
16.3745 
16.3748 
16.3749 
16.3758 
16.3761 
16.3767 
16.3779 
16.3857 
16.388 
16.3885 
16.3921 
16.4029 
16.4044 
16.4109 
16.4118 
16.4139 
16.4141 
16.4146 
16.4153 
16.4175 
16.4184 
16.4208 
16.4243 
16.4248 
16.4251 
16.4251 
16.4266 
16.4324 
16.4333 
16.4347 
16.4381 
16.4389 
16.4395 
16.4412 
16.4471 
16.4478 
16.4479 
16.4533 
16.4537 
16.4564 
16.4662 
16.4668 
16.4699 
16.4713 
16.472 
16.4729 
16.4764 
16.4773 
16.4851 
16.49 
16.4944 
16.5001 
16.5008 
16.5017 
16.503 
16.504 
16.5119 
16.5204 
16.5219 
16.5234 
16.5265 
16.528 
16.5317 
16.534 
16.5371 
16.5374 
16.5431 
16.5471 
16.549 
16.5545 
16.5558 
16.563 
16.5709 
16.5767 
16.5774 
16.5778 
16.5802 
16.5812 
16.5826 
16.5834 
16.5837 
16.5849 
16.5873 
16.5891 
16.5966 
16.6039 
16.6091 
16.6124 
16.6202 
16.6206 
16.6206 
16.6227 
16.6263 
16.6307 
16.6372 
16.6528 
16.6554 
16.6686 
16.6705 
16.6771 
16.6772 
16.678 
16.6781 
16.6807 
16.691 
16.6974 
16.699 
16.7034 
16.7034 
16.7064 
16.7103 
16.7111 
16.7171 
16.7179 
16.7209 
16.7289 
16.7308 
16.7334 
16.742 
16.7529 
16.7545 
16.7574 
16.7604 
16.7623 
16.7647 
16.7747 
16.7749 
16.7824 
16.7856 
16.7887 
16.7894 
16.7935 
16.7964 
16.7971 
16.7988 
16.8003 
16.8033 
16.806 
16.8129 
16.815 
16.8204 
16.8244 
16.8311 
16.8331 
16.8335 
16.8512 
16.8519 
16.855 
16.8552 
16.8582 
16.8605 
16.8607 
16.8656 
16.8723 
16.8724 
16.8748 
16.8766 
16.8871 
16.8906 
16.8921 
16.8922 
16.893 
16.8996 
16.9035 
16.9091 
16.9102 
16.9118 
16.9197 
16.9205 
16.929 
16.9292 
16.9336 
16.9352 
16.9389 
16.9411 
16.9454 
16.9483 
16.9517 
16.9539 
16.9579 
16.961 
16.9625 
16.9641 
16.972 
16.9739 
16.9746 
16.9753 
16.9795 
16.9817 
16.982 
16.9851 
16.9852 
16.9944 
16.9982 
16.9994 
17.0003 
17.0012 
17.0019 
17.0071 
17.0156 
17.0188 
17.0243 
17.0311 
17.0314 
17.0337 
17.0395 
17.0398 
17.0431 
17.0458 
17.048 
17.0485 
17.0504 
17.0544 
17.0595 
17.0687 
17.0688 
17.0695 
17.0698 
17.0732 
17.0808 
17.0818 
17.0822 
17.0885 
17.0916 
17.1006 
17.1044 
17.1079 
17.1101 
17.1129 
17.1133 
17.1188 
17.12 
17.1272 
17.1289 
17.1357 
17.1386 
17.1387 
17.1528 
17.1571 
17.1617 
17.1638 
17.164 
17.1659 
17.1673 
17.1679 
17.1713 
17.1721 
17.1747 
17.1786 
17.1857 
17.1883 
17.1896 
17.1922 
17.1962 
17.2071 
17.21 
17.2112 
17.2133 
17.2154 
17.2158 
17.2178 
17.2189 
17.2202 
17.2216 
17.2217 
17.2241 
17.2279 
17.2285 
17.232 
17.2323 
17.2445 
17.2463 
17.2495 
17.2523 
17.2526 
17.2559 
17.2579 
17.2601 
17.2664 
17.2675 
17.2692 
17.2695 
17.2704 
17.2783 
17.2794 
17.2899 
17.293 
17.2934 
17.2948 
17.2997 
17.2999 
17.3011 
17.3078 
17.3142 
17.3159 
17.3214 
17.3217 
17.3224 
17.3401 
17.3409 
17.3424 
17.3454 
17.3473 
17.348 
17.3542 
17.3629 
17.3632 
17.3662 
17.3686 
17.3693 
17.3702 
17.371 
17.3727 
17.3741 
17.3783 
17.3786 
17.3803 
17.3829 
17.3833 
17.3869 
17.3895 
17.3899 
17.3934 
17.3938 
17.4045 
17.4066 
17.4098 
17.413 
17.4132 
17.4303 
17.4326 
17.4406 
17.4474 
17.4492 
17.4527 
17.454 
17.4579 
17.4614 
17.4622 
17.4658 
17.4736 
17.4757 
17.4782 
17.4792 
17.4801 
17.4947 
17.4976 
17.5027 
17.5027 
17.5048 
17.5065 
17.5111 
17.5151 
17.5168 
17.5175 
17.5195 
17.5222 
17.5237 
17.5273 
17.5285 
17.5324 
17.5344 
17.5347 
17.5426 
17.5452 
17.5486 
17.5587 
17.5605 
17.5611 
17.5643 
17.567 
17.5784 
17.5849 
17.5882 
17.5884 
17.5906 
17.599 
17.6002 
17.6009 
17.6033 
17.6052 
17.6163 
17.6173 
17.6215 
17.6255 
17.6303 
17.6313 
17.633 
17.6341 
17.6455 
17.6464 
17.6536 
17.6539 
17.6556 
17.6586 
17.6661 
17.6689 
17.6695 
17.6736 
17.6774 
17.6846 
17.689 
17.6924 
17.6955 
17.7026 
17.7036 
17.7047 
17.7072 
17.708 
17.7101 
17.7142 
17.724 
17.7242 
17.7243 
17.726 
17.7287 
17.7302 
17.7314 
17.7328 
17.7387 
17.7406 
17.7482 
17.7484 
17.7497 
17.753 
17.7565 
17.7602 
17.7641 
17.767 
17.7721 
17.7736 
17.7855 
17.8026 
17.808 
17.8081 
17.8166 
17.8199 
17.8346 
17.8389 
17.8394 
17.8402 
17.8407 
17.8449 
17.8471 
17.8503 
17.8588 
17.8598 
17.861 
17.8611 
17.8665 
17.8739 
17.8741 
17.8818 
17.8821 
17.8884 
17.8885 
17.8892 
17.899 
17.9031 
17.9058 
17.9074 
17.915 
17.9162 
17.9206 
17.9236 
17.9267 
17.9298 
17.9302 
17.9305 
17.9323 
17.9355 
17.9393 
17.9413 
17.9442 
17.9628 
17.9655 
17.9657 
17.9686 
17.9722 
17.9755 
17.9803 
17.9843 
17.9905 
17.9992 
18.0125 
18.0177 
18.025 
18.0337 
18.0371 
18.0451 
18.0472 
18.0566 
18.0655 
18.0687 
18.0787 
18.0826 
18.0845 
18.0897 
18.0904 
18.0923 
18.1 
18.1011 
18.1049 
18.1143 
18.1145 
18.1153 
18.1174 
18.1178 
18.119 
18.1283 
18.1322 
18.1323 
18.1436 
18.1461 
18.1477 
18.1606 
18.1691 
18.1692 
18.1743 
18.1743 
18.1782 
18.1783 
18.18 
18.1843 
18.1864 
18.1874 
18.1993 
18.1997 
18.2007 
18.2068 
18.2103 
18.2158 
18.2171 
18.221 
18.2236 
18.2246 
18.2292 
18.234 
18.2348 
18.2399 
18.2415 
18.2449 
18.2469 
18.2504 
18.2547 
18.2558 
18.2585 
18.2614 
18.2643 
18.2774 
18.2779 
18.2846 
18.2858 
18.2879 
18.2922 
18.2947 
18.2957 
18.3053 
18.3065 
18.3071 
18.3078 
18.3131 
18.3194 
18.3199 
18.3215 
18.3222 
18.3301 
18.3332 
18.3477 
18.3483 
18.3559 
18.3561 
18.3573 
18.3582 
18.3639 
18.3676 
18.3734 
18.378 
18.385 
18.3881 
18.3948 
18.4037 
18.4039 
18.4083 
18.4113 
18.4187 
18.4228 
18.4266 
18.4309 
18.4315 
18.4327 
18.4387 
18.442 
18.4436 
18.4446 
18.4448 
18.4474 
18.4562 
18.4563 
18.4574 
18.4598 
18.4623 
18.4631 
18.464 
18.4655 
18.4656 
18.4715 
18.4766 
18.4771 
18.4793 
18.4834 
18.5018 
18.5058 
18.5103 
18.5104 
18.512 
18.5132 
18.5154 
18.5228 
18.5241 
18.5265 
18.5286 
18.531 
18.533 
18.537 
18.5428 
18.5474 
18.5602 
18.5603 
18.563 
18.563 
18.5657 
18.5674 
18.5711 
18.5747 
18.5798 
18.5802 
18.5827 
18.5845 
18.5908 
18.6011 
18.6171 
18.6217 
18.6237 
18.6244 
18.6261 
18.6265 
18.6319 
18.6459 
18.6492 
18.6493 
18.6517 
18.6527 
18.6551 
18.6578 
18.6734 
18.6846 
18.6879 
18.6897 
18.6958 
18.699 
18.7023 
18.7138 
18.7139 
18.7165 
18.717 
18.7286 
18.7298 
18.7318 
18.7407 
18.7424 
18.7433 
18.7468 
18.7608 
18.7689 
18.7734 
18.7746 
18.777 
18.7819 
18.7828 
18.7895 
18.7944 
18.8037 
18.8049 
18.8113 
18.8122 
18.8123 
18.8128 
18.8151 
18.8214 
18.8215 
18.8225 
18.8254 
18.8375 
18.8435 
18.8521 
18.8552 
18.8579 
18.858 
18.8594 
18.8621 
18.8637 
18.8657 
18.8663 
18.8685 
18.87 
18.8725 
18.8808 
18.8893 
18.9019 
18.9056 
18.9127 
18.9138 
18.9245 
18.9254 
18.9255 
18.9266 
18.9297 
18.932 
18.9353 
18.9494 
18.9499 
18.9502 
18.9598 
18.9687 
18.9711 
18.9741 
18.9792 
18.9889 
18.9895 
18.9902 
18.991 
19.0015 
19.0037 
19.0069 
19.0069 
19.0099 
19.0105 
19.013 
19.0174 
19.0376 
19.0471 
19.0495 
19.0561 
19.0642 
19.0644 
19.0691 
19.0791 
19.0814 
19.0965 
19.0981 
19.1036 
19.1076 
19.1144 
19.1246 
19.1275 
19.1402 
19.1418 
19.1421 
19.1424 
19.1445 
19.1507 
19.1688 
19.1707 
19.1751 
19.1754 
19.1768 
19.1814 
19.1894 
19.1941 
19.1999 
19.2067 
19.2097 
19.2105 
19.2272 
19.2328 
19.2375 
19.2509 
19.2514 
19.2564 
19.2592 
19.2723 
19.2731 
19.2779 
19.2833 
19.2835 
19.2881 
19.2894 
19.2967 
19.2981 
19.3098 
19.3119 
19.3208 
19.324 
19.3256 
19.328 
19.3477 
19.3545 
19.3547 
19.3664 
19.3703 
19.3763 
19.3774 
19.3781 
19.3806 
19.3885 
19.3905 
19.3936 
19.3993 
19.4065 
19.412 
19.4164 
19.4212 
19.4216 
19.4249 
19.4298 
19.4326 
19.4377 
19.4419 
19.4433 
19.4455 
19.4493 
19.4518 
19.4538 
19.459 
19.4707 
19.4754 
19.4867 
19.4899 
19.4941 
19.4981 
19.5002 
19.5046 
19.507 
19.509 
19.5154 
19.5158 
19.5173 
19.5194 
19.5287 
19.5352 
19.5371 
19.5427 
19.5476 
19.5488 
19.5536 
19.5572 
19.5618 
19.5801 
19.5822 
19.5874 
19.5909 
19.5914 
19.6103 
19.6123 
19.6142 
19.621 
19.6313 
19.6377 
19.6573 
19.6576 
19.6589 
19.6605 
19.6616 
19.6656 
19.6662 
19.6705 
19.6736 
19.6767 
19.6783 
19.6786 
19.6792 
19.6891 
19.6922 
19.6937 
19.6985 
19.6996 
19.7081 
19.7092 
19.7174 
19.7256 
19.7283 
19.7315 
19.7319 
19.7341 
19.7367 
19.7379 
19.7504 
19.7526 
19.7539 
19.763 
19.7708 
19.7713 
19.7812 
19.7884 
19.7903 
19.8028 
19.805 
19.8056 
19.8065 
19.8069 
19.8088 
19.8125 
19.8219 
19.8349 
19.837 
19.8391 
19.8396 
19.8422 
19.8459 
19.8541 
19.8547 
19.8569 
19.8596 
19.8636 
19.877 
19.8791 
19.8851 
19.8877 
19.8995 
19.9002 
19.9044 
19.9168 
19.9187 
19.9203 
19.9304 
19.9346 
19.9357 
19.9366 
19.9375 
19.947 
19.9551 
19.9658 
19.9659 
19.9676 
19.9688 
19.9784 
19.979 
19.9819 
19.9842 
19.9954 
20.0204 
20.0214 
20.0253 
20.0257 
20.027 
20.0279 
20.0484 
20.0493 
20.0502 
20.0569 
20.0571 
20.0594 
20.0661 
20.0714 
20.0884 
20.0918 
20.0977 
20.0986 
20.0997 
20.1095 
20.11 
20.1156 
20.1166 
20.1174 
20.1239 
20.1335 
20.1502 
20.151 
20.171 
20.1724 
20.1813 
20.1825 
20.1857 
20.1875 
20.1878 
20.1979 
20.2068 
20.2245 
20.2259 
20.2355 
20.2373 
20.2376 
20.2409 
20.242 
20.2539 
20.2545 
20.2566 
20.2573 
20.2578 
20.2591 
20.2603 
20.2657 
20.2665 
20.2666 
20.2702 
20.2798 
20.2994 
20.3038 
20.3115 
20.3135 
20.3208 
20.324 
20.3266 
20.3267 
20.3295 
20.3317 
20.3488 
20.3504 
20.3549 
20.3569 
20.3649 
20.3659 
20.3683 
20.3779 
20.382 
20.3962 
20.3988 
20.4132 
20.4175 
20.4189 
20.4209 
20.4216 
20.4279 
20.4284 
20.4494 
20.4504 
20.4543 
20.4641 
20.4641 
20.4661 
20.4743 
20.4829 
20.4877 
20.4931 
20.4992 
20.5012 
20.5082 
20.5137 
20.5225 
20.5245 
20.5248 
20.5268 
20.5396 
20.5454 
20.5469 
20.5516 
20.56 
20.5683 
20.569 
20.5806 
20.5821 
20.587 
20.5948 
20.6082 
20.6088 
20.6122 
20.6134 
20.6135 
20.6156 
20.6285 
20.6449 
20.6507 
20.662 
20.6625 
20.663 
20.6675 
20.6704 
20.6777 
20.679 
20.7033 
20.7085 
20.7098 
20.7137 
20.7142 
20.7159 
20.7203 
20.73 
20.7355 
20.7458 
20.7558 
20.7612 
20.7621 
20.7629 
20.7695 
20.7738 
20.7791 
20.7819 
20.7828 
20.7848 
20.8062 
20.8173 
20.8241 
20.8288 
20.8412 
20.8508 
20.8601 
20.8641 
20.8657 
20.8662 
20.867 
20.8735 
20.8743 
20.8821 
20.8828 
20.8929 
20.8977 
20.8977 
20.9311 
20.9451 
20.9507 
20.952 
20.9572 
20.9615 
20.9661 
20.9671 
20.9688 
20.9815 
20.9834 
20.9845 
20.9849 
20.9886 
21.0007 
21.0063 
21.0066 
21.0115 
21.0135 
21.0208 
21.0228 
21.0291 
21.0407 
21.0423 
21.0424 
21.0447 
21.0552 
21.0586 
21.0593 
21.0666 
21.0681 
21.0823 
21.0836 
21.0858 
21.0888 
21.0916 
21.1073 
21.1097 
21.1193 
21.1385 
21.1451 
21.1518 
21.1655 
21.1802 
21.1829 
21.1849 
21.1876 
21.2103 
21.2136 
21.2138 
21.2366 
21.2442 
21.2461 
21.2564 
21.2675 
21.2808 
21.2945 
21.301 
21.3111 
21.3145 
21.3151 
21.321 
21.3225 
21.3292 
21.3377 
21.3402 
21.3446 
21.3446 
21.3479 
21.3603 
21.3637 
21.3661 
21.3718 
21.3747 
21.3877 
21.3903 
21.3917 
21.396 
21.4015 
21.4081 
21.416 
21.4169 
21.4233 
21.4289 
21.441 
21.4427 
21.4452 
21.4486 
21.4494 
21.4531 
21.4589 
21.4702 
21.471 
21.4728 
21.476 
21.4864 
21.5027 
21.5281 
21.5293 
21.5307 
21.5399 
21.5423 
21.543 
21.549 
21.5584 
21.5714 
21.5745 
21.5753 
21.5764 
21.5797 
21.5859 
21.5929 
21.6108 
21.6135 
21.6197 
21.6391 
21.6479 
21.6483 
21.6631 
21.6652 
21.666 
21.6827 
21.705 
21.7056 
21.7156 
21.7211 
21.7257 
21.7273 
21.7426 
21.7432 
21.7449 
21.7493 
21.7518 
21.7522 
21.7611 
21.7618 
21.7731 
21.7811 
21.7935 
21.8018 
21.8066 
21.8066 
21.8106 
21.8115 
21.8383 
21.854 
21.8564 
21.8589 
21.8678 
21.891 
21.8946 
21.8981 
21.9013 
21.9125 
21.9262 
21.9294 
21.9331 
21.9355 
21.9355 
21.9404 
21.9408 
21.9566 
21.9581 
21.9621 
21.964 
21.9802 
21.9971 
22.0019 
22.0066 
22.0147 
22.0319 
22.032 
22.0323 
22.0355 
22.0426 
22.0492 
22.0726 
22.0729 
22.0792 
22.0885 
22.0899 
22.1206 
22.1215 
22.1318 
22.1495 
22.1657 
22.1672 
22.1695 
22.1828 
22.1899 
22.1917 
22.1919 
22.2047 
22.2076 
22.2374 
22.2433 
22.2469 
22.247 
22.2524 
22.2575 
22.2652 
22.2679 
22.2696 
22.2736 
22.2753 
22.2768 
22.2821 
22.2843 
22.2858 
22.2884 
22.2887 
22.2955 
22.2987 
22.3177 
22.3226 
22.3248 
22.3297 
22.3339 
22.3521 
22.3752 
22.3842 
22.3861 
22.4044 
22.4056 
22.4198 
22.4214 
22.4214 
22.4245 
22.4376 
22.4507 
22.458 
22.4585 
22.4607 
22.479 
22.4946 
22.5092 
22.5106 
22.5131 
22.5212 
22.5226 
22.5401 
22.5461 
22.5504 
22.5506 
22.552 
22.5528 
22.5691 
22.5737 
22.59 
22.5929 
22.5951 
22.5975 
22.6116 
22.6269 
22.6272 
22.6505 
22.6561 
22.6685 
22.6726 
22.6733 
22.6782 
22.6815 
22.6911 
22.6963 
22.6973 
22.7009 
22.704 
22.7061 
22.7222 
22.7234 
22.726 
22.7327 
22.7381 
22.7509 
22.7623 
22.7674 
22.769 
22.7759 
22.7805 
22.7873 
22.8013 
22.8139 
22.8169 
22.8203 
22.827 
22.85 
22.8748 
22.8843 
22.8931 
22.8953 
22.9032 
22.9063 
22.9083 
22.9324 
22.934 
22.9389 
22.9395 
22.9442 
22.9529 
22.9543 
22.9619 
22.9745 
22.9764 
22.9859 
22.9899 
23.0513 
23.0637 
23.0648 
23.0683 
23.0907 
23.0938 
23.1061 
23.1198 
23.1322 
23.1408 
23.1622 
23.1649 
23.1701 
23.1713 
23.2343 
23.2496 
23.2574 
23.268 
23.2898 
23.2921 
23.3024 
23.3172 
23.3467 
23.3482 
23.3553 
23.37 
23.3818 
23.406 
23.4228 
23.4417 
23.448 
23.4546 
23.4676 
23.4728 
23.4781 
23.4791 
23.4938 
23.5019 
23.5022 
23.5084 
23.5181 
23.5189 
23.5225 
23.5255 
23.5342 
23.535 
23.5515 
23.5526 
23.5571 
23.5574 
23.5702 
23.5776 
23.584 
23.5977 
23.6191 
23.6201 
23.6253 
23.6459 
23.6505 
23.6694 
23.6796 
23.6856 
23.6879 
23.6902 
23.6924 
23.6964 
23.7082 
23.7167 
23.7261 
23.728 
23.7378 
23.738 
23.7382 
23.7477 
23.7817 
23.7867 
23.8311 
23.8383 
23.8442 
23.8609 
23.8713 
23.8748 
23.8753 
23.8848 
23.8867 
23.891 
23.8949 
23.8979 
23.9083 
23.914 
23.9281 
23.9283 
23.9535 
23.9595 
23.9811 
23.9878 
23.9918 
23.9924 
23.9982 
24.0044 
24.023 
24.0305 
24.0447 
24.0645 
24.0646 
24.0745 
24.076 
24.0831 
24.1098 
24.1165 
24.1202 
24.1214 
24.1259 
24.1512 
24.1562 
24.1589 
24.1612 
24.1695 
24.1702 
24.1772 
24.1785 
24.1885 
24.2104 
24.2129 
24.2192 
24.2471 
24.249 
24.2551 
24.2705 
24.2729 
24.2729 
24.2827 
24.2897 
24.3104 
24.3141 
24.3196 
24.3237 
24.3251 
24.3305 
24.3331 
24.3376 
24.3429 
24.3509 
24.3512 
24.3535 
24.3668 
24.3785 
24.3837 
24.3915 
24.3933 
24.3982 
24.4115 
24.413 
24.4221 
24.4269 
24.4305 
24.4574 
24.4896 
24.4989 
24.503 
24.5036 
24.5154 
24.5192 
24.5197 
24.5288 
24.5383 
24.5534 
24.5833 
24.5903 
24.5914 
24.6071 
24.6151 
24.6164 
24.6403 
24.644 
24.6448 
24.6788 
24.6872 
24.706 
24.7151 
24.7385 
24.7398 
24.7439 
24.7461 
24.7648 
24.7741 
24.775 
24.7785 
24.7852 
24.7887 
24.8043 
24.8093 
24.8346 
24.8837 
24.9056 
24.923 
24.9389 
24.9605 
24.9605 
24.9834 
24.9907 
25.0026 
25.0213 
25.0293 
25.035 
25.0409 
25.0447 
25.0484 
25.0609 
25.0695 
25.0863 
25.0868 
25.1066 
25.1106 
25.1481 
25.1506 
25.1658 
25.1756 
25.1835 
25.1844 
25.2046 
25.211 
25.2111 
25.2146 
25.2213 
25.2289 
25.2493 
25.2562 
25.2762 
25.2798 
25.3241 
25.3289 
25.3357 
25.3427 
25.3439 
25.3483 
25.3495 
25.3553 
25.3684 
25.3686 
25.3896 
25.3905 
25.3956 
25.415 
25.4168 
25.4212 
25.4257 
25.4258 
25.4472 
25.4662 
25.4668 
25.4675 
25.4752 
25.4786 
25.4839 
25.4891 
25.5093 
25.5136 
25.516 
25.5212 
25.5272 
25.5333 
25.562 
25.5629 
25.564 
25.5644 
25.5729 
25.5826 
25.5925 
25.6171 
25.626 
25.6313 
25.6404 
25.6444 
25.646 
25.6543 
25.6635 
25.6709 
25.6819 
25.6881 
25.7044 
25.7052 
25.7146 
25.7185 
25.7226 
25.738 
25.7402 
25.7423 
25.7502 
25.7574 
25.763 
25.7635 
25.7641 
25.7785 
25.7829 
25.7932 
25.8092 
25.8529 
25.8544 
25.8741 
25.8837 
25.8871 
25.8903 
25.8933 
25.8983 
25.9124 
25.9157 
25.9185 
25.9227 
25.9328 
25.9426 
25.9467 
25.9515 
25.9586 
25.9623 
25.9691 
25.9756 
25.9843 
26.0038 
26.0054 
26.006 
26.0369 
26.0552 
26.0575 
26.0673 
26.0719 
26.0982 
26.1041 
26.1119 
26.1152 
26.1324 
26.1578 
26.1628 
26.176 
26.1805 
26.1882 
26.2447 
26.2477 
26.2716 
26.2725 
26.3351 
26.3368 
26.3396 
26.3674 
26.3813 
26.3993 
26.4105 
26.4626 
26.4713 
26.474 
26.5047 
26.505 
26.5142 
26.5411 
26.548 
26.5572 
26.5849 
26.5906 
26.6009 
26.6159 
26.6209 
26.6275 
26.6452 
26.6702 
26.6717 
26.6752 
26.6777 
26.6914 
26.6995 
26.7036 
26.7108 
26.7142 
26.7203 
26.7338 
26.7623 
26.7995 
26.81 
26.8373 
26.8496 
26.863 
26.864 
26.8734 
26.8754 
26.8759 
26.8774 
26.906 
26.913 
26.9139 
26.916 
26.9165 
26.9233 
26.9406 
26.9613 
26.9624 
26.9865 
26.9873 
26.9918 
26.9955 
26.9965 
26.9999 
27.0014 
27.0308 
27.0319 
27.0551 
27.0733 
27.0897 
27.0901 
27.0956 
27.1034 
27.1092 
27.1158 
27.157 
27.19 
27.2653 
27.2686 
27.3011 
27.3019 
27.3217 
27.3362 
27.3391 
27.3472 
27.3613 
27.3623 
27.3681 
27.3874 
27.3909 
27.3933 
27.4131 
27.4179 
27.496 
27.5008 
27.5044 
27.5532 
27.5741 
27.5947 
27.595 
27.6098 
27.6412 
27.6442 
27.654 
27.6642 
27.6676 
27.6747 
27.6825 
27.7009 
27.7041 
27.7041 
27.7295 
27.7426 
27.7427 
27.7529 
27.7615 
27.786 
27.8088 
27.8129 
27.8351 
27.8628 
27.8628 
27.8762 
27.8779 
27.9072 
27.9357 
27.9455 
27.9604 
27.9635 
27.9731 
27.981 
27.9826 
28.0073 
28.0156 
28.0185 
28.0427 
28.0517 
28.0553 
28.0943 
28.1003 
28.1133 
28.126 
28.1336 
28.1412 
28.1494 
28.1535 
28.2256 
28.2475 
28.2504 
28.2612 
28.2729 
28.2801 
28.2812 
28.288 
28.3013 
28.3078 
28.3162 
28.347 
28.3627 
28.3907 
28.4311 
28.4405 
28.4448 
28.4451 
28.4852 
28.4897 
28.4987 
28.5038 
28.5271 
28.5579 
28.5631 
28.6039 
28.605 
28.6078 
28.6166 
28.6295 
28.6418 
28.6475 
28.6744 
28.6795 
28.6807 
28.7182 
28.7403 
28.742 
28.7437 
28.7898 
28.8072 
28.8084 
28.8232 
28.8262 
28.8263 
28.844 
28.8699 
28.8851 
28.8904 
28.894 
28.8992 
28.9044 
28.9053 
28.9218 
28.926 
28.9418 
28.9466 
28.9522 
28.9586 
28.9628 
28.9629 
28.9635 
28.9817 
29.0374 
29.0423 
29.0728 
29.0803 
29.0901 
29.1012 
29.1034 
29.1177 
29.1793 
29.1844 
29.1907 
29.2043 
29.2072 
29.2115 
29.2198 
29.2289 
29.2536 
29.2597 
29.2655 
29.2683 
29.2721 
29.2992 
29.3242 
29.3496 
29.3729 
29.3956 
29.4124 
29.4293 
29.4594 
29.4681 
29.4978 
29.5263 
29.5303 
29.5452 
29.5537 
29.5621 
29.5654 
29.569 
29.6051 
29.6233 
29.6361 
29.6658 
29.667 
29.7009 
29.7247 
29.8045 
29.8173 
29.8195 
29.8305 
29.8661 
29.9008 
29.9149 
29.965 
29.9791 
29.9949 
30.0006 
30.0055 
30.0066 
30.0198 
30.0304 
30.0592 
30.0634 
30.1256 
30.1331 
30.1426 
30.2004 
30.2077 
30.2198 
30.244 
30.2443 
30.2496 
30.2603 
30.3011 
30.3099 
30.3183 
30.3422 
30.3812 
30.3997 
30.4357 
30.4384 
30.4507 
30.4548 
30.458 
30.4639 
30.4789 
30.4944 
30.5176 
30.5188 
30.5236 
30.5325 
30.5433 
30.5505 
30.5937 
30.6561 
30.6966 
30.7355 
30.7874 
30.7991 
30.804 
30.8062 
30.8111 
30.8303 
30.8415 
30.8682 
30.897 
30.8997 
30.9633 
30.9835 
31.0281 
31.0308 
31.0769 
31.0945 
31.1004 
31.1022 
31.1368 
31.1486 
31.21 
31.2157 
31.241 
31.2562 
31.2827 
31.3055 
31.3278 
31.3488 
31.3583 
31.39 
31.4379 
31.4477 
31.4569 
31.509 
31.5124 
31.5355 
31.556 
31.5569 
31.5595 
31.5745 
31.6221 
31.6441 
31.6484 
31.6496 
31.6865 
31.6866 
31.6939 
31.6953 
31.7068 
31.7547 
31.7588 
31.7647 
31.7671 
31.7882 
31.8053 
31.8093 
31.8208 
31.8262 
31.8513 
31.8663 
31.8766 
31.9149 
31.9614 
31.9644 
31.9715 
31.9779 
31.9957 
32.0023 
32.0101 
32.0402 
32.0504 
32.057 
32.0676 
32.0712 
32.0793 
32.1383 
32.1634 
32.2047 
32.2185 
32.2218 
32.2994 
32.375 
32.3783 
32.3805 
32.4075 
32.4247 
32.4326 
32.4798 
32.4951 
32.505 
32.5341 
32.5394 
32.5738 
32.6323 
32.6506 
32.6815 
32.7108 
32.7112 
32.7118 
32.7297 
32.7372 
32.7634 
32.7654 
32.8207 
32.8464 
32.8531 
32.8554 
32.8679 
32.8685 
32.8787 
32.903 
32.904 
32.9201 
32.9229 
32.936 
32.9483 
32.9647 
32.9711 
32.9999 
33.0161 
33.041 
33.0943 
33.1539 
33.1913 
33.2577 
33.2855 
33.3177 
33.3226 
33.3434 
33.3584 
33.3656 
33.3735 
33.4633 
33.4743 
33.486 
33.5015 
33.5021 
33.5372 
33.56 
33.5885 
33.5946 
33.5981 
33.6745 
33.78 
33.7948 
33.8131 
33.8441 
33.8579 
33.8579 
33.8828 
33.8871 
33.9059 
33.9063 
33.9179 
33.931 
33.9607 
33.9634 
33.9825 
33.9937 
34.0077 
34.0583 
34.0681 
34.0738 
34.1139 
34.1148 
34.1307 
34.1504 
34.1508 
34.1801 
34.1926 
34.1966 
34.1989 
34.2144 
34.2317 
34.2459 
34.2567 
34.2605 
34.274 
34.3042 
34.3208 
34.3807 
34.3891 
34.4171 
34.43 
34.4355 
34.489 
34.5106 
34.5141 
34.544 
34.5826 
34.6112 
34.6178 
34.6248 
34.6474 
34.6587 
34.6762 
34.693 
34.7255 
34.7642 
34.7745 
34.8401 
34.8442 
34.8864 
34.9148 
34.94 
34.955 
34.9609 
35.0011 
35.0074 
35.0265 
35.0676 
35.0781 
35.0998 
35.11 
35.1855 
35.2139 
35.3109 
35.347 
35.3647 
35.3735 
35.3739 
35.3764 
35.3969 
35.4023 
35.4379 
35.4639 
35.4685 
35.4837 
35.4946 
35.5154 
35.596 
35.6009 
35.6109 
35.6223 
35.6662 
35.6732 
35.7853 
35.8121 
35.8387 
35.8699 
35.9012 
35.9366 
35.9394 
35.9866 
36.0196 
36.0527 
36.0669 
36.1216 
36.1475 
36.1596 
36.2147 
36.263 
36.2798 
36.38 
36.4097 
36.4243 
36.4705 
36.5684 
36.6016 
36.7255 
36.7803 
36.7818 
36.7859 
36.7909 
36.7913 
36.8426 
36.8657 
36.8894 
36.8996 
36.9498 
36.9595 
36.9721 
36.985 
36.9937 
36.9954 
37.039 
37.0602 
37.113 
37.1376 
37.1576 
37.172 
37.1776 
37.2077 
37.2395 
37.2698 
37.3078 
37.3184 
37.3274 
37.336 
37.4439 
37.4467 
37.5165 
37.5233 
37.5245 
37.5284 
37.5432 
37.5448 
37.6209 
37.633 
37.6438 
37.6522 
37.6632 
37.7023 
37.7649 
37.765 
37.8312 
37.9007 
37.923 
37.9377 
37.9784 
38.0534 
38.0755 
38.2303 
38.2829 
38.3409 
38.3472 
38.3731 
38.3871 
38.3875 
38.399 
38.4046 
38.4463 
38.6022 
38.6625 
38.6734 
38.6791 
38.7469 
38.7796 
38.8043 
38.8059 
38.8059 
38.8354 
38.8622 
38.8783 
38.9704 
38.9845 
39.0417 
39.0875 
39.1331 
39.151 
39.1999 
39.2157 
39.2822 
39.3148 
39.3204 
39.3216 
39.3284 
39.3539 
39.3586 
39.42 
39.4599 
39.5006 
39.5184 
39.5276 
39.5588 
39.5812 
39.5813 
39.5936 
39.6153 
39.6356 
39.6608 
39.7136 
39.9396 
39.946 
39.9959 
40.0065 
40.0423 
40.0868 
40.0984 
40.1457 
40.2332 
40.2367 
40.3251 
40.3579 
40.3617 
40.4227 
40.4594 
40.4618 
40.5238 
40.5742 
40.5874 
40.5913 
40.6181 
40.6305 
40.6592 
40.7354 
40.7546 
40.7579 
40.8858 
40.9033 
40.9079 
41.0021 
41.2251 
41.2792 
41.3236 
41.3582 
41.38 
41.4053 
41.6072 
41.6423 
41.7428 
41.7455 
41.7545 
41.7572 
41.8075 
41.8421 
41.8443 
41.8539 
41.9988 
42.0063 
42.0081 
42.0084 
42.0357 
42.08 
42.1187 
42.127 
42.1443 
42.161 
42.3259 
42.3653 
42.3694 
42.6093 
42.713 
42.7356 
42.739 
42.7481 
42.7501 
42.7757 
42.7888 
42.8102 
42.8672 
42.8801 
42.8859 
42.8918 
42.9427 
43.1378 
43.1397 
43.2963 
43.3283 
43.3614 
43.5028 
43.5152 
43.554 
43.5568 
43.5655 
43.5979 
43.6797 
43.737 
43.8368 
43.8839 
43.8998 
43.9014 
43.9244 
43.9616 
43.9819 
44.0241 
44.0506 
44.0561 
44.082 
44.2097 
44.2716 
44.2853 
44.298 
44.4046 
44.4234 
44.4624 
44.4813 
44.559 
44.5713 
44.6574 
44.6732 
44.7307 
44.7734 
44.8002 
44.808 
44.821 
44.8546 
44.8946 
44.9286 
44.9636 
44.9833 
45.0258 
45.1588 
45.163 
45.2 
45.2008 
45.2276 
45.2478 
45.2601 
45.2734 
45.2931 
45.3232 
45.352 
45.4073 
45.4964 
45.6188 
45.6385 
45.7975 
45.8153 
46.0102 
46.1547 
46.1648 
46.166 
46.2237 
46.2588 
46.2852 
46.553 
46.6382 
46.6507 
46.7861 
46.8404 
46.88 
46.8829 
46.9951 
47.0135 
47.0794 
47.1551 
47.2962 
47.3291 
47.3817 
47.4042 
47.4166 
47.4367 
47.4541 
47.4643 
47.4769 
47.4891 
47.5994 
47.637 
47.8711 
47.9869 
47.9977 
48.0077 
48.1856 
48.2178 
48.2248 
48.5699 
48.622 
48.627 
48.6393 
48.6533 
48.6898 
48.7843 
48.8028 
48.8827 
48.8926 
48.8959 
48.9428 
48.9508 
48.9522 
48.9733 
49.1006 
49.2087 
49.3104 
49.4095 
49.4189 
49.5818 
49.6436 
49.7137 
49.8638 
49.8904 
49.9599 
50.0146 
50.0621 
50.1813 
50.325 
50.5613 
50.7162 
50.8163 
50.9211 
50.9292 
51.0419 
51.0817 
51.1849 
51.2154 
51.266 
51.3374 
51.3689 
51.425 
51.4532 
51.609 
51.6989 
51.7106 
51.791 
51.8191 
51.9626 
52.0219 
52.0879 
52.2043 
52.2735 
52.3915 
52.4124 
52.48 
52.4944 
52.5033 
52.5585 
52.7135 
52.8868 
52.8888 
53.0525 
53.1729 
53.2169 
53.2945 
53.4943 
53.5659 
53.6025 
53.618 
53.6624 
53.8292 
54.0362 
54.0611 
54.1851 
54.241 
54.2999 
54.4719 
54.5565 
54.5697 
54.7033 
54.7752 
54.8084 
54.8716 
55.0262 
55.1011 
55.2016 
55.2195 
55.3498 
55.3951 
55.4613 
55.6036 
55.7535 
55.9333 
56.1756 
56.2594 
56.2645 
56.3242 
56.4355 
56.5656 
57.031 
57.1751 
57.1753 
57.4486 
57.4814 
57.5271 
57.5479 
57.6384 
57.8265 
57.8761 
57.9394 
58.142 
58.1789 
58.1789 
58.1835 
58.2585 
58.342 
58.4189 
58.6081 
58.6092 
58.765 
58.9089 
59.1092 
59.2202 
59.2279 
59.2748 
59.325 
59.3767 
59.4146 
59.5375 
59.5461 
59.6253 
59.6633 
59.7972 
59.8509 
59.8729 
59.9196 
60.208 
60.2708 
60.4485 
60.6233 
60.6356 
60.6909 
60.7294 
61.1068 
61.1136 
61.1219 
61.2224 
61.243 
61.2814 
61.3061 
61.3444 
61.3634 
61.4612 
61.482 
61.6319 
61.6738 
61.6756 
61.6823 
61.6842 
61.6944 
61.7984 
61.8591 
62.2504 
62.5069 
62.6475 
62.6641 
62.7054 
62.7657 
62.7837 
62.9295 
62.9526 
62.9589 
62.9717 
63.0009 
63.1507 
63.267 
63.2953 
63.7416 
63.7643 
64.0473 
64.2397 
64.3081 
64.3893 
64.4647 
64.4945 
64.6616 
64.8819 
65.0576 
65.0579 
65.1165 
65.257 
65.3714 
65.5599 
65.8233 
65.9689 
65.9913 
66.2306 
66.2461 
66.2631 
66.3657 
66.377 
66.8947 
67.0472 
67.0527 
67.0567 
67.5591 
67.7579 
67.7681 
67.9271 
67.9916 
68.0642 
68.3525 
68.4119 
68.5342 
68.5385 
68.653 
69.1671 
69.2335 
69.656 
69.768 
70.3132 
70.3256 
70.3844 
70.4643 
70.4733 
70.5066 
70.5961 
70.6101 
70.675 
70.6902 
71.1838 
71.3752 
71.3767 
71.3813 
71.819 
71.8699 
71.9933 
72.1521 
72.7308 
72.85 
72.9301 
73.2995 
73.4012 
73.4483 
73.5623 
73.6409 
73.8272 
73.9029 
73.9563 
74.0058 
74.2363 
74.4255 
74.7704 
75.0064 
75.2372 
75.2758 
75.4435 
75.5838 
75.7798 
76.458 
76.5913 
76.6497 
76.9674 
77.4522 
77.4638 
77.5798 
77.6307 
77.6932 
77.9923 
78.628 
78.9264 
79.0459 
79.6806 
80.0778 
80.4668 
80.7084 
80.7117 
80.7338 
80.9148 
81.3131 
81.5736 
82.2037 
82.2344 
82.7766 
82.8942 
82.9006 
82.9558 
83.1503 
83.2645 
83.5269 
83.629 
83.6293 
83.8512 
83.8729 
83.928 
84.0015 
84.1643 
84.7142 
84.8985 
85.09 
85.3656 
85.82 
86.1239 
86.2026 
86.4919 
86.5541 
86.5876 
86.7882 
86.9555 
87.1275 
87.4539 
87.6822 
88.1031 
88.1249 
88.1919 
88.3414 
88.4997 
88.6453 
88.9037 
89.0666 
89.0687 
89.1945 
89.3799 
89.6756 
90.2348 
90.602 
90.6176 
90.6479 
91.3808 
91.7666 
91.7878 
91.9363 
92.2605 
92.5354 
92.6582 
92.7263 
92.9691 
93.0914 
93.1922 
95.1574 
95.1918 
95.4243 
95.4439 
95.631 
95.9785 
96.1621 
96.3581 
96.4238 
96.5792 
96.998 
97.4214 
97.4952 
98.0038 
98.3014 
98.3759 
98.3864 
98.7807 
99.0106 
99.0637 
99.6574 
100.061 
100.15 
100.443 
100.794 
100.798 
100.872 
101.381 
102.067 
103.029 
103.076 
103.129 
103.192 
103.302 
103.336 
103.776 
103.834 
104.462 
106.197 
107.01 
107.092 
107.119 
107.36 
107.444 
107.858 
108.084 
108.378 
108.656 
108.929 
109.033 
109.17 
109.345 
109.391 
110.354 
110.449 
111.42 
111.619 
112.162 
112.256 
112.427 
113.224 
113.335 
113.67 
113.676 
113.962 
114.239 
114.445 
114.643 
115.713 
115.828 
116.719 
117.796 
118.604 
118.764 
119.456 
119.899 
123.857 
124.112 
124.294 
126.001 
127.613 
127.657 
127.865 
128.74 
129.205 
131.161 
131.66 
134.23 
135.794 
138.143 
138.424 
139.984 
140.717 
141.039 
141.869 
142.62 
143.208 
143.705 
143.818 
145.492 
146.38 
147.044 
147.632 
148.374 
148.852 
148.903 
150.461 
150.842 
152.278 
152.585 
153.512 
153.796 
155.253 
157.125 
157.156 
157.202 
158.001 
158.237 
158.567 
158.854 
161.114 
162.876 
163.273 
165.221 
165.259 
165.992 
166.208 
166.274 
167.335 
167.615 
167.69 
167.85 
168.758 
169.774 
170.59 
172.076 
173.098 
173.605 
174.786 
175.481 
175.626 
175.764 
179.508 
185.448 
186.921 
191.069 
192.934 
195.14 
196.445 
198.371 
199.523 
200.521 
202.487 
204.519 
209.99 
210.475 
210.587 
210.981 
211.523 
212.638 
214.681 
215.311 
217.876 
218.587 
224.785 
224.924 
227.358 
229.077 
229.783 
229.885 
233.106 
234.673 
237.192 
240.875 
241.998 
245.175 
245.495 
252.308 
252.471 
252.936 
253.126 
253.867 
258.887 
272.111 
280.967 
284.97 
290.565 
293.215 
294.657 
299.67 
301.53 
308.392 
314.018 
315.301 
320.376 
324.142 
329.132 
330.662 
338.06 
343.014 
348.204 
358.083 
363.34 
365.2 
365.813 
389.648 
438.07 
455.824 
458.2 
468.478 
469.109 
472.116 
474.503 
476.648 
482.311 
488.501 
495.253 
500.883 
503.622 
516.622 
520.726 
522.565 
527.941 
560.605 
562.461 
612.525 
614.19 
616.252 
617.622 
672.497 
673.969 
688.904 
743.837 
766.432 
844.551 
910.665 
929.485 
946.176 
964.914 
1096.09 
1103.21 
1135.2 
1225.42 
1436.43 
1486.31 
1561.65 
1596.69 
1644.39 
1914.61 
1955.04 
2025.8 
2027.16 
2702.71 
2785.24 
2816.4 
2838.01 
3183.61 
3685.12 
5353.89 
5361.79 
5620.63 
8097.69 
8379.7 
18468 
