2.79253
0.11978
0.00572078
0.000336772
2.07436e-05
1.29179e-06
8.06637e-08
5.04034e-09
3.15e-10
1.96962e-11
1.2322e-12
7.10543e-14
1.06581e-14
2.13163e-14
3.81917e-14
7.19425e-14
2.60532e-14
2.79253
0.11978
0.00572078
0.000336772
2.07436e-05
1.29179e-06
8.06637e-08
5.04034e-09
3.15e-10
1.96962e-11
1.2322e-12
7.10543e-14
1.06581e-14
2.13163e-14
3.81917e-14
7.19425e-14
2.60532e-14
4.82577e-14
4.58892e-14
2.79253
0.11978
0.00572078
0.000336772
2.07436e-05
1.29179e-06
8.06637e-08
5.04034e-09
3.15e-10
1.96962e-11
1.2322e-12
7.10543e-14
1.06581e-14
2.13163e-14
2.79253
0.11978
0.00572078
0.000336772
2.07436e-05
1.29179e-06
8.06637e-08
5.04034e-09
3.15e-10
1.96962e-11
1.2322e-12
7.10543e-14
1.06581e-14
2.13163e-14
3.81917e-14
7.19425e-14
2.60532e-14
4.82577e-14
4.58892e-14
